4.5031
2.9578
0.62704
0.24725
0.71342
1.806
1.1205
0.45391
1.4987
2.2946
0.46233
1.5042
0.16784
1.912
1.4499
0.36369
1.1475
1.3808
2.2881
0.39149
2.7283
0.45468
3.6795
0.043996
2.0154
0.20128
3.2096
0.11283
1.6343
0.83368
2.7644
0.246
1.6298
1.6617
1.9316
3.9587
2.3834
1.351
1.1536
3.1294
1.2253
0.90416
2.0145
0.50703
1.9208
0.94456
1.9298
1.7363
2.3864
2.7974
1.0104
1.2632
2.3397
0.10047
0.30595
1.5399
0.18791
1.576
1.4445
0.20182
2.5997
3.2547
0.53309
1.7798
0.73427
4.1989
0.40375
1.1989
1.0753
5.5952
3.2035
3.5465
2.1013
0.41356
4.3343
6.6942
3.0442
1.6612
1.1074
2.1712
1.7582
0.33189
3.4147
0.56645
2.3413
2.1234
4.3914
2.7989
3.5803
2.4337
0.61626
2.1016
3.1132
0.91528
1.3498
0.80314
2.2655
1.1102
2.4137
0.080076
1.718
0.38998
1.9297
3.4443
0.39529
1.759
0.31556
3.6898
0.46351
2.0342
0.50041
4.173
2.1747
0.1503
2.4501
1.1987
2.5005
2.503
0.04699
2.1176
1.6878
1.7129
0.18306
2.7722
0.86912
2.5078
0.98673
4.7221
3.222
5.4323
0.46546
2.1435
2.2609
1.0781
2.1669
0.83462
4.1789
0.083586
2.7707
3.0029
1.6945
0.64328
4.1863
1.3904
2.0292
2.0396
1.2538
2.6198
1.7504
2.5505
0.47105
3.1061
1.9364
2.1069
0.62821
4.6091
2.9119
0.08532
1.6698
3.1674
1.4868
1.2732
1.9702
2.8157
2.1818
1.3377
2.2372
2.0031
3.6755
1.9108
3.0846
3.5549
1.3712
2.6922
0.44278
0.77435
1.7424
1.4079
4.298
1.3932
1.8785
0.8449
2.4727
2.9642
1.35
2.6236
3.4236
2.8148
2.8999
1.124
0.16542
2.439
1.6457
1.8354
0.29225
4.3398
0.57952
1.6671
2.2717
2.0916
0.25482
2.5527
2.2875
1.383
1.5918
1.9904
4.294
0.11314
1.8861
2.8328
0.96216
1.9244
0.2992
4.6711
0.3746
1.2453
1.8476
2.1848
1.9212
0.12132
3.6631
1.0859
1.7815
3.5334
6.4687
5.7992
0.8665
2.8339
1.5856
2.6291
0.30562
2.9499
0.98638
1.7304
0.5143
2.6028
0.71165
3.1883
1.7188
0.78236
2.6571
2.5159
0.45663
2.2276
1.5708
1.0517
1.2548
2.2613
0.40248
2.6697
1.6013
0.73735
1.7479
1.3918
1.0231
1.9035
0.34124
2.9657
1.8845
0.52086
1.8044
3.5242
4.4454
0.86944
0.48283
3.845
5.4096
6.0129
0.73407
1.5091
6.28
5.2095
2.4513
1.343
0.13482
4.9645
0.99955
2.5492
1.3586
0.77875
2.321
1.334
1.3294
0.45988
2.3407
1.018
2.8808
1.7629
0.96446
0.20004
2.3909
1.4365
1.5926
0.34268
2.5292
3.0146
1.6737
0.39333
1.0341
0.98493
2.7438
2.0069
0.24836
2.3199
0.45543
2.4192
1.1855
1.1164
1.3563
1.0056
3.2055
0.093646
1.6933
2.2564
3.4969
0.71252
1.9178
3.0208
1.9749
2.6918
2.0586
2.0638
0.92992
1.8156
1.3404
1.2416
2.111
0.61304
2.7607
0.46919
1.1459
1.5597
2.0063
1.3316
1.2119
1.2325
0.21375
1.9002
0.7982
0.84721
2.0555
0.19597
1.955
0.87822
1.4786
1.523
0.43736
3.1004
1.1479
1.7719
0.94946
2.5482
1.3322
1.4552
1.0775
2.6495
3.0958
3.3316
6.7425
4.9917
6.2311
5.4035
4.5016
4.3214
0.63515
1.8232
1.366
2.7685
2.4161
1.3314
0.39933
1.7745
3.5429
0.70978
1.23
4.2307
0.77988
2.4377
2.9528
2.2897
0.53661
3.3364
1.7669
2.5554
1.4886
1.3672
1.6764
3.5666
2.7625
0.25118
2.3883
2.7587
1.0562
1.91
1.7022
2.8778
0.20926
4.3739
1.1444
1.3608
4.3981
2.352
0.28079
2.7797
1.5413
1.9329
1.0886
3.6982
0.35912
2.9951
2.1312
1.9111
0.75188
3.9481
1.1552
3.3729
2.887
3.0466
3.0989
1.0186
2.5717
1.4117
2.4723
1.3401
2.3423
1.1407
1.3941
2.7805
1.6309
1.7412
1.2679
2.1482
1.6307
4.3163
0.30362
2.6568
0.85158
2.012
1.6376
1.3124
2.3597
1.2471
1.7556
2.0074
1.0169
2.5038
1.3354
1.7095
1.9085
0.94907
2.1068
2.0895
1.3875
6.4953
5.2139
6.0168
3.5566
0.48824
0.71896
1.6834
2.461
3.8552
1.1366
2.023
1.828
3.6179
3.655
0.97863
3.0892
1.1114
2.2613
5.8523
6.2505
0.41468
0.57957
2.7019
1.5449
0.66991
2.156
2.6399
2.2726
2.3264
0.34494
3.113
1.7177
0.20078
1.8479
1.8166
2.478
0.12039
2.282
1.7638
1.2129
2.0755
0.193
3.602
2.5564
0.28242
0.55788
3.0431
0.72584
1.9766
0.11558
3.5605
0.63517
3.4692
1.2377
1.4097
3.2466
0.40728
0.44429
3.0052
0.85971
2.0486
0.15762
3.1026
0.79984
1.6649
2.0854
5.3774
7.2085
0.50912
2.1591
1.6682
0.65138
0.61396
2.5603
2.325
0.78924
2.6165
0.66003
2.1322
2.8345
0.42791
2.0998
2.2483
1.9394
0.78979
0.64386
3.709
0.43915
3.0861
3.6098
4.4358
5.4345
4.3069
1.3626
2.0122
2.3106
3.629
0.933
0.90335
1.9912
0.63777
2.2224
0.58489
1.3356
1.8282
0.64217
2.4738
0.58801
3.2538
0.68202
0.84947
3.3726
1.3615
0.27386
2.1159
1.6641
0.64307
1.5926
2.2243
1.0683
0.54762
3.895
0.80705
1.2882
1.4642
1.5833
1.3138
0.52792
2.0362
0.35398
2.2774
1.5534
0.32596
1.5267
1.8872
2.7176
0.32069
1.0069
3.2319
0.27667
1.0221
3.578
0.2331
1.0578
2.0882
1.746
0.22998
3.1512
1.0704
1.4613
1.3548
2.8823
0.32554
1.53
2.2764
1.6267
1.2349
1.2226
1.2486
2.8007
7.5002
6.0699
4.998
1.2047
0.65721
3.5901
0.62615
1.7669
0.50526
2.9367
1.1994
1.0974
3.7579
4.1377
6.2387
2.4403
5.3477
0.71709
2.2456
0.67357
2.1294
1.6478
1.7664
3.4293
1.4159
1.89
2.6505
2.3614
0.53273
2.9314
0.78011
1.2256
3.5485
1.357
2.2143
3.2409
2.291
4.0004
3.3654
3.437
1.5319
2.373
2.6166
1.0011
1.565
3.9161
1.7092
6.8413
7.3603
5.4068
3.9772
3.1844
1.7576
1.9777
2.4766
0.48155
3.0712
2.2095
2.2111
2.8551
3.9723
0.47273
2.6251
2.4063
3.0526
0.29614
4.4161
1.4368
1.4497
3.4012
1.7553
1.4556
3.9804
2.547
0.42668
4.3312
1.2979
2.0233
2.9181
4.0919
1.5084
3.3991
1.6292
2.3053
2.2757
3.7402
0.83635
4.0926
1.3161
2.4279
2.5371
2.9672
5.1525
6.2751
3.3521
1.681
5.4732
1.4138
1.5973
2.2523
1.9111
1.71
2.4762
1.4086
1.6579
4.167
1.1674
2.582
3.1552
6.3639
1.2564
3.1644
3.2679
4.2725
0.59492
3.5756
3.3332
4.2306
0.76926
1.5522
5.4166
3.5613
3.2073
4.3908
5.84
2.1292
2.5522
3.1147
2.6658
2.0154
1.5536
2.2348
2.4005
2.4762
2.0636
2.2291
4.2323
5.7406
8.1045
1.0707
1.9418
2.4751
4.4043
1.1827
1.2177
1.4699
4.4385
5.1068
2.0106
5.4768
9.0477
3.2454
1.6492
0.46521
3.2726
2.5309
2.2522
0.43383
3.8262
1.4036
1.5103
0.83952
3.33
1.1045
1.9686
0.39749
5.0083
1.597
1.6853
1.323
3.4871
0.96835
1.7071
1.3488
4.5869
0.43454
1.2126
2.1463
2.8075
0.38416
2.3749
2.2698
3.1218
0.085874
1.9894
6.5673
4.4036
3.7368
2.8889
0.63727
0.42575
0.43003
0.44757
1.8631
0.40075
0.4361
0.44192
0.394
0.43571
0.43037
0.39634
0.43762
0.39224
0.43795
0.41425
0.41756
0.42924
0.40145
0.43825
0.38852
1.8754
0.388
0.43803
2.0165
0.47008
0.39148
0.43062
0.39729
1.0627
0.40949
0.40369
1.3058
2.0564
5.3585
5.4532
7.8943
3.5812
3.4086
2.1699
3.7652
6.7332
1.2708
2.4419
7.7176
4.9569
2.7645
1.445
3.1218
4.0381
2.5022
0.41278
2.9837
1.9521
1.6228
1.6749
2.6644
2.2694
0.12482
2.4783
3.6291
1.5644
1.5608
2.5592
3.2593
0.18777
2.3365
1.9657
1.8679
0.90741
1.4601
3.0436
0.65565
2.0598
1.1816
3.7617
0.036162
2.1122
0.98748
2.8225
0.87585
1.5921
1.5968
2.3745
1.19
0.95387
3.39
1.4661
1.8319
0.13852
4.139
3.2424
0.10089
0.6442
5.5017
1.3521
0.682
2.4706
0.98719
0.96287
1.0786
1.5153
0.21526
1.6381
0.44087
1.5268
0.58621
1.7576
0.92615
4.438
1.7296
0.34909
1.1448
1.058
1.2421
1.0765
1.3174
0.56336
1.2678
0.58437
1.3557
1.5052
0.70001
1.7325
1.2767
0.80863
1.796
0.69919
1.4889
2.2288
2.7047
5.734
2.6715
2.7857
2.0799
5.3106
0.48679
2.5485
5.3173
2.2026
0.67898
5.7563
7.7588
4.9946
5.1655
5.8881
1.9447
3.096
0.52758
1.9177
2.3869
1.4911
0.45175
1.2289
2.2672
0.67643
3.6135
0.10398
4.0612
0.54748
1.4409
0.14602
3.7229
0.77024
2.0156
0.37755
2.9303
1.4741
1.7752
0.96529
1.576
2.2753
0.88603
1.1485
2.5607
2.2131
0.87194
2.2238
0.32668
3.5912
1.3336
2.3788
0.44335
3.9495
0.39702
1.6059
0.7036
6.2056
7.9969
5.502
7.4215
4.14
1.7358
0.37326
3.6286
0.62576
3.1472
2.8034
2.3895
0.11699
0.48284
1.9443
0.48543
4.3466
0.16956
2.0518
0.31144
2.3459
0.45185
1.7848
0.92915
2.1057
0.56668
1.7546
1.3219
1.3956
1.6439
0.48956
2.1145
0.8332
1.3852
2.2134
1.469
1.0566
1.1129
2.8644
3.5729
5.7159
5.6705
3.1391
3.5056
3.6556
1.0257
1.3536
4.4698
3.1351
0.75954
0.73068
6.4748
7.2315
4.6881
4.9188
2.8481
0.45872
1.617
4.1853
1.6764
0.91547
1.6427
3.4138
2.966
1.381
1.5159
1.0671
2.3103
2.6326
0.96668
1.9507
1.4811
3.0852
0.95114
0.69086
3.4651
0.279
1.8419
1.7609
2.2613
1.166
0.88932
3.4099
0.42063
2.4183
4.0937
3.8899
0.7394
0.032203
2.9751
1.2946
1.3723
0.89515
3.4805
0.82135
3.1184
0.42634
4.1046
0.61
4.6949
4.5911
1.0094
3.0671
0.076868
4.8757
1.5239
0.92865
1.0373
3.4438
0.63518
1.7735
0.57022
3.6974
0.07723
1.7067
2.4213
1.3797
1.51
0.98677
3.0796
2.3231
2.7589
0.36224
3.0466
2.571
0.15357
2.0517
2.0905
1.8396
0.70766
2.079
3.9217
0.059842
1.4505
1.9469
3.5277
3.6946
4.1247
3.3011
0.75366
0.67843
2.3474
2.088
0.64523
2.3773
3.7451
1.2122
0.69657
2.6175
2.8657
1.3788
1.3596
2.9397
1.5991
1.0621
1.9999
2.23
1.8352
0.4801
2.5966
2.4661
0.46654
2.0301
5.0911
1.3806
0.45054
1.0637
2.2718
2.812
0.256
3.0778
1.3105
0.99266
0.89428
3.3213
0.62921
1.5802
0.68669
3.8568
0.50958
0.74376
3.2425
0.48555
3.0258
3.4121
1.7658
0.069372
1.6837
1.9787
1.6755
0.36128
3.2361
1.0055
1.9167
1.5759
3.2794
2.0514
5.5209
5.9974
2.4226
2.88
1.2996
2.6173
1.9022
0.67139
2.0282
1.9699
3.0545
1.9302
0.74562
4.0267
6.8972
3.9161
0.59426
2.3534
4.4125
0.5909
1.8042
0.49569
0.80433
1.3661
2.4782
2.4374
1.9779
4.3871
1.7277
5.3845
2.0336
0.44572
0.77767
3.1375
0.53637
0.66111
1.5667
0.49437
2.6492
4.7083
1.8747
4.4675
0.93389
0.76027
3.4232
0.64717
0.83594
2.2324
5.4213
1.0321
0.59918
0.76678
0.89637
2.5616
0.63143
0.63838
0.3949
1.7135
1.397
0.28877
1.7482
2.0071
1.2529
0.42119
0.43988
2.3114
1.2695
0.41384
0.70146
2.3928
0.90215
0.40952
1.5006
4.0859
3.1149
0.27692
4.4202
3.4529
0.14193
2.7051
2.1615
3.6536
0.49802
1.9657
4.5863
1.9706
0.34022
2.6468
2.2528
1.7427
1.078
2.0512
3.8049
2.4676
0.36244
1.9956
2.9867
4.9245
9.1359
3.1056
2.2969
2.5643
1.5388
1.6063
4.7212
2.4298
0.48938
1.9184
4.3615
1.7134
1.8665
1.1329
4.509
4.7354
3.0323
0.88185
3.2647
2.7764
2.6068
1.6578
4.4883
0.40242
2.655
0.22722
0.92169
6.5356
8.0762
7.3932
6.8365
6.2491
6.4683
4.2327
0.55728
2.8989
1.4041
1.6418
0.48471
4.2663
2.5174
1.0327
2.3762
0.41903
1.7357
0.73756
2.7263
2.1247
0.91165
2.4614
0.21237
1.0851
2.9135
0.63574
2.1056
0.43724
3.2156
5.543
0.23725
2.5819
1.8836
0.46679
2.5612
1.6896
1.4528
4.1204
0.46996
1.9828
2.5641
0.83047
2.5778
0.44366
3.0786
1.6127
0.93782
1.6774
1.0878
4.5995
0.46782
0.94909
1.9558
1.5938
3.581
0.42632
1.1609
1.7545
1.9863
2.5803
1.1005
0.42929
2.8709
4.4602
1.3554
0.41579
0.25182
2.1573
2.3866
1.7287
2.1602
0.35663
4.298
4.6173
5.3147
0.50905
2.6481
0.46346
2.1018
1.1181
2.1972
1.8247
1.9562
1.3044
1.4597
2.3063
2.1409
2.3548
1.48
1.5599
1.8928
1.2633
2.7154
3.0359
1.2649
2.009
1.3819
1.5209
1.0186
6.9569
1.8389
3.783
3.5379
0.95774
3.9544
1.285
1.4819
2.7436
2.0871
4.5356
0.83676
2.1035
1.6697
1.5434
4.4223
6.2112
0.34188
1.6272
1.9048
2.2831
4.5052
0.24789
1.7592
3.0353
0.19045
0.5078
3.8627
0.94994
0.99488
2.1846
3.7156
1.7472
0.63363
2.9457
2.0954
0.53331
1.6979
3.0237
1.8699
0.65118
2.495
2.2509
1.572
0.75833
3.3382
1.0274
1.9506
1.1594
3.6573
0.11895
2.3403
2.0655
4.0925
0.79571
0.42785
3.9721
0.88715
2.0282
0.64256
5.9905
2.9189
3.6792
1.3345
3.5724
0.75269
1.5111
0.78923
4.0401
1.9094
2.0429
0.73779
3.8012
0.34776
2.2493
1.0323
3.1112
0.31174
2.452
2.4555
0.78942
2.1438
0.79707
4.62
0.81042
0.30547
3.7942
1.5704
0.32032
2.066
2.055
3.3472
0.091864
1.5789
2.7358
1.1558
1.8145
0.57709
5.9189
4.8308
5.801
6.6472
6.5223
3.275
0.78344
0.47242
4.0827
1.4968
1.8112
4.2486
1.3029
1.3351
1.5376
0.47219
3.1495
3.2548
0.4587
0.75131
2.9177
6.4514
1.0397
1.5701
1.6007
2.7327
0.55567
0.6874
2.7875
1.4841
0.45546
1.9908
2.4184
2.5166
1.5399
0.33391
1.9826
2.222
0.12164
3.0405
0.18029
2.1812
1.4415
0.41634
1.6456
1.9612
2.0236
0.34103
1.5326
1.5217
2.9865
0.72286
0.47177
3.1532
3.5908
0.58531
0.2071
0.90377
3.3686
3.0802
1.5919
0.37735
4.4075
1.2409
0.98152
0.96507
1.8002
2.5042
0.077449
2.3362
1.7057
2.2218
0.54319
1.5154
0.13882
3.5871
4.2938
0.79151
0.39501
1.2147
1.4843
3.7229
0.11205
0.2469
1.5832
0.29427
3.3952
0.21163
0.14689
1.7865
0.46409
3.5037
2.797
1.2665
0.16538
0.77045
4.1138
1.4861
1.6155
0.63806
1.5263
3.9465
3.6543
2.9711
0.87559
1.9941
0.39021
1.2291
3.6065
0.86133
0.87427
0.63557
3.3477
1.4294
0.62476
0.56116
2.0559
1.8111
1.5152
0.70107
3.6647
0.52894
2.0881
1.87
0.14
1.8201
0.10255
3.4616
2.5488
0.24915
0.24003
2.2504
4.4868
2.7433
1.1077
0.24416
0.38557
2.0795
1.9481
1.136
1.6985
1.9553
1.3933
1.8593
0.28091
1.5594
1.7635
2.1681
0.79172
0.8835
1.2137
3.2748
0.2981
3.9487
7.851
4.1834
1.19
1.6213
3.2439
3.7069
0.89287
0.5869
2.239
3.8346
1.012
1.97
0.78087
3.4042
2.2373
0.41764
0.80963
3.1239
1.2811
1.7696
0.47878
2.5755
3.05
0.77483
1.9981
2.2412
1.5659
0.41902
3.019
1.8594
1.2793
3.1396
1.3292
0.42168
3.2288
1.256
1.2756
1.1025
3.185
2.0885
0.82369
2.6272
2.4044
7.9312
6.1338
0.72682
1.0844
3.2188
2.1522
1.8682
5.3577
0.43501
3.2257
0.46884
6.2737
3.2377
2.1978
1.8121
0.44396
2.1871
3.7849
0.71781
2.2939
2.7821
1.619
0.50513
1.9058
0.71558
3.3123
0.06838
2.2885
1.6823
2.0512
0.85087
2.6954
1.6363
2.5092
0.8101
2.0397
0.42353
4.3106
0.48608
0.3195
3.0811
1.7454
1.1495
1.1204
1.5312
2.7342
0.37251
2.1198
1.1325
2.9896
0.14912
2.6052
1.8322
1.0923
1.7682
0.51243
4.3494
1.5331
3.0806
1.9563
1.7618
2.3868
0.4561
2.801
3.5292
0.81502
1.574
1.7415
2.9807
0.46959
2.0989
2.0616
2.6788
0.79912
3.0656
3.4938
0.35624
1.9338
1.0938
4.9211
0.3865
1.6184
1.0286
4.1374
0.16424
2.9454
3.0771
1.9541
0.73536
3.101
3.8712
4.6289
1.6605
2.722
1.932
0.89551
3.5397
1.2568
1.9356
0.65931
0.5935
7.0984
6.2568
5.1358
6.4965
3.7706
3.3709
3.3946
1.8884
1.5292
1.0061
3.1836
0.85506
0.95353
3.472
0.75052
2.1676
3.3727
1.2831
1.8704
1.3239
3.3863
0.46514
2.0692
3.1227
3.033
0.45362
1.6997
2.9856
0.4364
3.2774
2.5709
0.4489
2.3858
2.2559
1.6606
1.071
3.2311
3.0368
1.4006
2.2065
2.8946
0.56681
3.2254
1.7594
1.7315
1.3624
5.2312
2.899
2.0847
2.3345
2.4735
0.90588
4.4955
2.1632
1.8343
3.0067
4.3632
3.2689
1.4947
2.6841
4.3752
2.2391
1.1419
6.7839
3.0645
0.75692
5.4037
7.6427
2.0901
6.5956
1.561
1.8409
3.0449
1.0805
1.9709
2.9463
1.6578
3.7017
0.89729
2.8941
1.2807
1.6784
1.0816
2.072
1.0488
2.1251
0.69044
2.2868
1.7284
1.2112
2.8506
1.7128
2.2953
1.7499
1.3375
2.4068
0.72843
7.2731
7.9951
3.3909
4.8623
0.95839
2.2235
2.836
5.6899
0.70619
3.2045
2.2153
2.384
0.84136
5.854
0.75021
2.001
0.71551
1.9789
1.7943
1.9346
1.6142
3.3048
1.1892
1.0368
2.54
0.57378
3.7288
1.3366
3.1451
2.7749
0.23517
3.6718
2.0433
2.7459
0.49089
3.1668
1.0093
2.4721
1.8579
2.3259
1.15
1.5031
2.79
3.0086
1.356
0.84978
2.4035
1.2327
2.1385
2.9461
1.2748
1.4715
2.275
2.1119
2.2233
1.3432
4.0672
2.8542
1.217
1.9781
1.0995
3.0294
0.48556
4.2107
0.90811
5.0789
0.6695
3.2745
3.3335
3.3794
1.2885
5.0285
0.82401
3.8184
2.2072
3.2834
0.48815
0.77223
2.3625
2.1155
1.7418
0.61838
1.0441
2.0417
1.6772
3.1831
1.1367
2.3215
1.2937
3.3158
2.9178
1.4985
2.2784
1.1723
1.9654
4.6829
1.7834
0.93582
2.1655
1.1387
3.1758
2.3051
4.1655
0.20578
2.1451
2.6399
2.2029
1.7563
1.1601
3.9931
0.75485
2.2528
1.0604
3.3408
1.7571
1.0963
2.0161
2.5952
1.8969
1.6823
0.58033
4.3495
1.8329
2.3194
1.32
3.3952
1.8077
1.5962
1.8089
4.9902
2.8626
1.2522
0.45523
3.4728
0.84271
1.8707
1.1227
3.9299
0.52025
1.96
1.5853
3.0182
2.285
5.2488
8.066
7.0234
2.5625
3.1219
2.639
3.7406
0.72499
2.6796
0.93284
4.4298
0.28832
2.943
1.0369
6.1965
1.5938
0.56334
2.0528
3.3864
2.6245
0.17383
3.5102
2.0476
1.7504
2.9457
2.7431
3.2163
1.0933
0.11158
2.2294
1.2817
3.2245
0.21111
2.781
0.69842
4.7568
3.0043
1.0058
2.969
0.7258
2.1809
1.0105
0.42676
0.70031
2.0974
1.1858
0.40827
1.3836
1.9009
0.68148
1.2019
6.7613
5.6072
4.769
0.88676
1.0525
4.4366
0.5076
0.73324
0.66377
2.4589
0.59035
0.55998
0.49021
3.3431
1.3114
0.37594
0.25356
2.3897
0.38583
0.22919
1.0054
1.8026
0.23278
0.47005
1.9075
2.1461
2.4353
2.1349
2.3961
2.1115
2.3337
2.1785
2.198
2.1319
3.6417
1.0325
1.4958
1.6507
1.4421
2.2274
2.0557
2.2906
0.55122
2.4006
2.0489
2.9894
4.1474
3.8083
2.6294
3.2079
1.3177
2.8599
1.9078
1.7012
2.9403
1.4941
1.7078
1.6572
0.92933
0.91735
1.9622
1.7908
1.8693
0.60165
1.1343
2.2001
0.066983
2.5569
2.5756
0.074204
3.0742
1.3153
1.9099
0.23647
1.9898
0.44587
3.9153
2.1042
0.17408
2.3652
0.44599
2.0912
2.36
1.1589
0.58217
2.0263
3.5471
1.8013
3.1554
3.4976
1.3989
1.9049
4.593
6.7918
6.9897
5.4039
2.863
3.7303
0.41964
1.8255
1.8529
3.7737
0.67342
1.8746
2.199
2.4012
0.78661
1.3885
0.30695
2.9449
1.7037
1.7311
0.62699
1.96
1.3665
2.8842
0.45083
1.8766
0.78121
3.9803
1.3896
0.79197
0.93748
1.5214
5.1208
1.5797
0.29561
0.45548
1.6816
1.5063
4.2411
2.0444
0.14116
0.45411
1.8352
2.3969
0.78926
1.7522
0.45115
2.4577
2.2201
1.3765
1.6501
1.1245
4.6125
1.5213
1.8813
5.8351
1.8182
2.4631
2.4189
6.7232
1.0879
5.3324
0.88421
0.78678
2.5276
0.87508
4.2269
1.4214
3.1262
3.3568
1.0862
0.66396
1.7973
1.3742
3.6472
0.78991
1.6081
1.2167
1.4714
3.129
1.1717
5.0627
5.6392
1.5658
3.7138
2.1233
0.98621
4.0411
1.7289
1.4015
3.6779
2.0378
4.4806
1.3231
0.59302
0.79286
1.9898
3.4751
5.0709
0.3305
1.3122
0.75159
0.84709
1.9823
1.3187
1.8124
1.7297
1.2097
2.1964
1.7247
1.6227
0.47441
0.1691
2.5834
2.5462
0.35245
0.43984
1.0684
0.32192
2.914
0.84327
1.8065
0.4201
0.28206
2.7897
1.7144
0.16277
1.8786
0.14486
0.99997
2.6757
0.2681
2.2058
0.043666
1.1897
3.7467
2.15
0.32302
0.06662
1.479
0.084191
3.1444
1.9704
0.34614
1.5117
0.092527
2.8736
2.2163
0.17689
0.71673
1.0692
3.2157
5.2119
3.1296
0.56937
0.40617
2.068
2.1108
2.42
1.7241
2.6483
3.1921
3.1042
2.7905
0.45586
3.7539
7.8752
1.8514
0.35894
1.101
3.2136
1.2962
3.1538
0.20255
0.41952
1.5215
0.13961
1.6199
3.7306
5.6254
2.4553
7.0813
2.3161
4.7286
1.7063
2.6877
2.5335
0.78503
1.2325
3.8341
0.3519
0.74621
2.5488
1.9683
5.4915
7.439
6.8768
6.0223
0.62243
4.6072
1.0507
0.27768
1.1175
0.75855
1.3667
2.4438
1.5056
1.2849
1.1863
2.9364
0.31357
1.7322
0.46865
2.4324
2.3092
1.694
1.5546
0.46896
3.0934
1.4963
1.1758
1.9061
0.44909
3.0911
2.9834
0.64702
1.9039
0.52665
3.5156
1.8342
0.44978
0.92935
1.3009
2.5252
1.6623
0.45941
1.6305
1.6279
2.9496
0.4355
1.672
1.4126
3.2058
0.55569
4.0583
2.9254
1.9139
1.7812
1.7425
2.8082
4.275
0.83476
0.64118
0.66673
0.49276
1.6499
0.68013
2.977
1.8633
0.71703
2.1055
0.69308
1.1025
4.6508
0.69545
1.6548
1.7
2.1954
0.76414
2.5144
3.5084
2.5535
1.6931
1.7745
1.866
2.1467
6.7258
3.029
7.1261
3.9881
2.8068
0.85661
0.75162
0.69639
2.0552
0.6918
0.66813
0.67362
0.6951
0.69782
2.1766
4.2512
2.4538
5.3364
2.6809
0.47611
2.6071
2.3932
2.1467
0.36242
3.0781
3.5007
1.0984
1.2967
1.7662
1.6036
3.4578
1.2085
1.889
0.32953
3.2647
2.3761
0.92291
1.1613
2.0826
3.6415
2.5307
1.3754
1.1855
3.6997
2.735
0.52287
1.6939
1.9908
2.3301
1.2404
1.6654
1.3149
3.3106
0.15468
1.7324
2.5034
2.0604
1.2522
0.73148
3.4764
1.1948
2.4719
0.67176
3.6358
0.71659
1.5539
0.77606
5.5525
2.6233
6.1009
6.5947
3.8005
2.7597
1.8831
0.69532
4.3116
1.1543
0.45331
4.3731
1.9127
5.3715
2.897
2.4503
0.31941
2.7454
0.98746
0.80918
2.4959
1.6294
2.4327
0.62043
1.1977
3.303
4.8829
5.9187
0.90853
0.50099
3.3169
0.72029
0.30767
1.3781
0.40255
3.5561
0.057368
1.2324
0.88879
1.8894
3.0891
0.13946
0.85311
5.0658
1.8551
0.1675
1.223
1.1044
2.675
3.3461
0.58117
1.2087
2.9971
0.49052
0.48951
1.4313
3.6947
0.3804
0.61727
0.38488
2.4137
1.4649
0.41599
1.366
0.67573
3.1269
0.3566
0.9204
1.677
0.15343
3.6706
0.092201
1.1485
0.77469
0.64645
3.1912
0.02851
1.7684
1.3412
2.6185
1.8144
0.86887
1.2302
0.1954
2.794
3.068
0.11331
0.33091
1.5285
0.83005
2.958
0.22699
1.9355
3.0786
6.0535
1.7859
1.883
1.5617
0.48954
3.3665
5.5838
6.0401
7.0375
1.669
0.88259
5.4077
2.354
2.7999
6.4543
4.2631
4.4945
1.4646
2.8857
3.1999
0.74477
0.71119
0.85153
2.5541
0.71571
0.74509
0.77127
2.6267
1.9153
0.47799
0.23025
1.5215
1.4467
0.46176
0.24992
2.3802
0.99472
0.64015
6.2114
3.2899
4.7235
0.47621
5.0784
0.53851
2.9436
5.3562
3.4134
1.2028
1.9986
1.6474
0.478
3.0378
1.3911
1.4654
0.663
2.026
0.64977
0.86585
1.1482
1.704
3.2957
0.45062
2.4753
0.42268
3.7222
0.42641
1.8516
0.45289
2.1177
0.44386
1.9281
1.1339
3.4056
0.40865
2.4037
0.40871
2.0088
0.79039
3.4804
0.43425
1.8397
0.64256
2.7475
0.91347
3.5357
0.44215
1.9634
0.44192
2.2206
2.4762
1.4422
1.6253
0.6576
2.8001
1.2958
3.4336
2.1035
2.5126
4.4895
0.76043
3.3021
1.1771
0.48799
2.0411
2.1809
2.3499
1.23
3.2819
0.66728
2.0956
1.1669
1.408
2.0462
2.3968
3.0907
1.5799
1.4521
1.5669
3.2027
3.5657
0.98739
1.2889
4.9145
2.795
0.55312
4.197
7.9541
7.3045
0.96903
5.8733
5.7814
5.4264
3.0009
3.3177
2.4536
2.3583
2.4775
3.0007
1.4661
0.91701
4.7405
1.0758
4.1959
2.6721
0.38215
1.707
2.3869
2.0625
1.1755
3.7995
3.4832
0.70338
0.43673
3.5354
0.89997
0.76695
6.9477
6.9712
2.9976
1.573
3.1444
0.40721
1.438
4.3963
1.4344
1.5547
1.2225
3.7412
0.57812
1.6007
1.9346
3.0641
0.61474
2.2585
2.3193
3.7603
2.2827
1.3073
1.8756
2.8239
1.4522
2.8532
1.8856
2.0328
2.0431
3.3205
0.3377
2.7695
3.843
2.3281
4.2772
3.5635
3.4552
2.3226
3.0584
3.3264
0.96561
1.6415
2.8251
1.9779
1.4925
1.7432
2.014
2.3245
2.322
0.63111
2.9407
2.9058
4.0887
5.5387
5.6456
1.7468
4.2393
1.0875
5.651
2.7959
3.3624
1.8631
6.857
2.4679
2.7389
2.0673
2.1129
4.167
5.2266
4.4746
3.0223
4.4672
6.8489
5.4723
0.69484
0.57618
0.56629
1.0348
2.5555
2.5486
1.7434
3.0043
3.4828
4.1054
8.3267
1.8205
1.7449
3.9408
3.3979
2.3735
4.0478
3.1889
1.1075
3.6588
0.93991
2.276
2.3691
2.7376
1.0268
3.0226
3.7173
0.18492
3.3144
4.2571
1.6295
2.2312
2.9635
2.1221
2.34
3.3449
1.5241
2.4376
2.601
3.5955
0.54027
2.6742
4.1311
0.66913
3.1783
3.1873
1.7477
3.4537
2.3915
2.0268
1.1103
3.9346
1.6407
3.6567
4.9784
1.4913
1.576
4.1872
2.6972
2.4342
6.5079
8.8779
3.2311
3.4512
2.6571
2.2332
1.9194
3.428
2.6679
3.1921
0.60654
4.2703
2.8409
1.4886
3.4975
2.5418
2.057
3.066
3.6803
1.8886
1.7864
2.8386
3.4005
3.0043
3.994
3.8397
2.3364
3.6433
3.8965
2.0321
1.5641
5.8837
2.7232
5.8303
3.8218
4.765
8.1971
4.827
4.8197
3.7689
1.5872
2.8757
2.0331
6.3396
3.4458
1.7064
5.249
1.1229
2.6994
2.1692
3.5496
0.79125
3.667
1.825
2.7006
2.8988
2.1344
3.8816
1.7146
2.5583
2.0241
1.4862
4.8716
2.0899
3.6306
0.8286
3.6022
2.4081
2.6143
2.2748
2.1428
3.9423
0.41829
3.4127
2.2506
3.329
0.51373
4.0253
2.3694
1.9712
1.9103
4.776
2.5343
1.2921
3.4981
3.5723
0.2474
4.2856
2.7107
1.2081
4.0453
2.6759
1.0837
2.4008
2.9066
6.1876
1.0692
2.2105
2.2677
1.9131
5.537
1.0356
3.3947
3.4019
0.91727
4.028
1.3689
4.0575
2.0756
2.6177
3.5202
6.9461
2.6651
1.2354
4.6374
3.0596
2.9008
1.2014
3.6619
1.8337
1.8247
4.333
3.3322
1.0255
3.2384
0.95072
0.49053
1.8551
0.38576
2.1096
0.49322
2.7727
4.882
5.9568
6.9216
2.4649
5.3872
2.808
3.2156
2.7215
3.6356
2.4091
1.2585
3.5651
0.96356
1.7404
0.75288
3.8586
0.19421
1.8359
2.3137
3.9415
0.11306
1.2775
3.8512
2.0597
0.38318
2.8678
1.4432
1.9341
1.4703
4.5552
1.1338
2.3181
2.3524
0.49006
4.6731
2.5954
0.35842
3.7217
1.2586
1.7483
2.1839
3.0932
0.46504
2.8914
1.7822
1.7637
1.8753
3.3763
0.86357
3.0545
2.1685
1.9536
0.66922
3.9394
6.6221
6.4068
6.4121
1.8901
2.8884
1.8907
2.1114
1.7133
2.6251
0.44596
1.9821
1.2106
2.4031
2.7263
0.29664
2.1723
0.16866
2.6239
0.18813
2.2364
2.674
1.7269
1.2165
1.6359
3.3235
1.9007
2.2949
4.0523
3.2819
2.0849
1.5334
2.9786
2.1943
3.7217
1.6042
4.3291
1.4801
0.69135
3.1863
1.4867
3.1985
5.4484
6.1652
0.82609
3.0345
3.2149
0.98701
1.9945
2.2603
3.2925
5.9943
2.1669
3.2273
0.80908
1.8945
2.7222
0.54133
2.4137
2.1706
3.272
0.62771
2.8615
1.2422
1.8626
1.5149
4.6716
2.5635
0.3851
2.3906
1.8305
0.55975
3.909
0.87655
1.845
1.5115
3.9038
0.19449
2.6889
2.2127
2.7708
1.1817
2.3493
1.9192
1.217
3.2454
2.7901
1.4108
3.3023
1.6211
1.9796
1.7631
3.5338
0.082943
3.218
2.2324
1.0511
3.3218
2.7473
2.5538
9.2489
1.958
2.5412
3.0903
4.9249
3.3631
2.3408
1.4003
3.5382
1.9512
3.1651
4.4777
4.9623
3.0069
0.22498
0.91657
4.3253
1.9726
6.3247
0.48903
3.3231
2.6237
2.3378
1.3258
2.778
4.7808
3.1191
2.925
2.9436
4.4137
0.46201
3.6972
4.3403
5.1769
6.0766
3.5276
4.0258
5.1301
5.2772
0.45916
1.8592
2.7746
2.6911
6.5397
5.0254
3.4702
1.456
4.3071
2.5427
2.4141
0.4897
4.2805
3.0221
0.36545
3.5186
2.7507
2.869
0.3315
3.6856
5.2938
0.29709
2.4563
1.0246
4.8621
2.8266
2.8233
2.7597
4.1723
3.3594
2.7111
0.43337
0.78786
2.9082
1.4551
1.1395
3.7871
1.885
0.15052
1.7661
2.2903
1.9487
1.7673
0.70903
3.156
1.4983
1.4494
1.3301
2.6378
2.0016
1.6044
1.3235
3.5468
1.6453
0.98427
1.7243
0.98466
4.9197
3.9617
2.2845
1.2959
5.6762
1.614
1.4934
2.3449
4.2446
0.10687
2.865
2.5695
3.7786
1.1708
1.9743
4.0568
5.0146
3.5106
3.6946
3.0811
1.4196
1.3442
2.5976
0.83695
0.70491
1.7387
1.4561
1.7607
2.5587
4.9548
5.1892
3.9349
0.35866
4.361
1.8724
0.73738
1.1779
5.1174
1.3947
3.1829
3.3336
1.4611
2.7816
0.6992
2.6853
1.2945
1.9095
0.71495
2.1601
0.52292
0.13763
2.4668
2.4904
1.6578
7.8038
6.4933
1.8484
1.0022
2.9564
1.9837
2.0736
2.0388
0.96993
1.8026
0.34133
3.7507
0.31094
1.667
1.2172
2.8979
0.45929
2.4332
2.2836
3.5243
0.067423
1.6473
2.4175
1.4224
1.734
0.3181
4.9502
2.6279
0.19474
0.53292
4.9197
0.77493
0.40824
3.2522
4.7161
2.8415
2.8843
2.9658
2.9206
3.789
3.1443
5.5527
3.9041
2.8539
0.83501
2.8491
2.1171
0.86293
1.414
1.6491
0.64021
3.5284
0.48907
1.6458
1.8078
1.0368
1.4567
1.6222
1.6391
1.8982
1.4275
1.8561
1.7891
4.7488
7.5357
2.2953
2.2561
1.7925
3.7728
1.5757
2.3682
3.8414
0.81097
3.4796
2.0322
2.07
1.8235
3.8576
2.3658
5.1562
2.5421
5.5514
2.6953
2.6838
2.6643
2.7978
0.81759
2.4522
2.3951
7.4366
1.2382
5.9779
2.0882
0.98179
3.3597
2.3602
1.5767
2.7922
5.8611
3.0198
4.9192
4.9466
2.2033
3.2861
1.7955
1.2001
3.5189
1.7282
2.2259
1.2609
3.9507
0.29125
2.93
2.5225
3.0911
4.5453
3.9998
0.21239
2.2282
5.1957
0.35881
3.8469
1.2349
2.2838
2.763
3.5628
3.2707
4.8873
0.46258
1.3536
3.9584
2.3782
2.9643
1.2397
4.0489
3.107
5.1067
5.1718
3.5043
1.1054
3.0661
4.7008
1.1139
2.3313
4.1697
3.1931
1.227
4.6328
4.1292
3.0979
1.5775
3.7033
1.2488
2.6737
2.9632
2.6833
2.1275
2.5052
3.7995
1.148
3.6118
2.1568
2.5947
1.9122
3.5498
2.1828
1.5555
4.9927
1.0169
2.4855
3.3449
4.0431
3.6183
1.9205
4.2319
3.4886
5.1228
3.2823
0.6436
3.2468
3.8211
3.3335
5.901
8.7908
4.9388
3.475
3.979
4.1448
3.1404
4.8456
3.5404
3.3284
2.9774
4.3428
3.0202
4.9472
3.1948
1.4829
4.1887
4.5606
1.5959
3.9774
4.0951
0.75495
4.8801
4.13
3.1232
2.451
3.564
3.1081
3.2676
2.7975
2.8354
4.8004
1.031
4.2732
2.8378
4.3566
2.5209
4.5353
1.3387
3.9875
4.0644
1.5668
4.2596
4.6578
0.85149
3.0896
4.8024
0.49042
4.1008
4.5258
6.3345
1.5852
2.6104
1.9056
1.783
2.4314
0.84112
3.4689
1.6517
1.9282
2.0269
1.036
2.5441
0.78994
2.3918
1.5075
3.109
1.4407
1.5763
1.0985
2.8777
1.6554
1.7713
3.1255
1.4778
1.3738
3.22
3.0971
0.60729
3.9879
1.6338
2.2125
1.3432
2.2364
2.3811
2.4507
4.2365
6.0987
6.4473
6.8498
5.4533
4.9669
6.9107
2.3448
5.1731
5.0027
6.5643
7.3132
4.8793
3.5942
4.0078
6.2139
3.1151
4.044
6.2117
3.9349
4.8036
7.3427
6.7936
1.881
3.6567
4.6121
1.9755
2.1742
4.3653
2.1585
2.2077
4.164
2.9668
3.0597
1.8674
5.9509
2.0759
3.2644
3.0388
4.4144
1.0183
4.2608
2.0967
3.5783
5.0659
5.0575
4.6279
2.4443
2.1329
3.0965
3.7588
0.80573
4.1339
3.2516
4.1215
2.9854
3.5292
4.1283
4.9287
4.7542
7.4628
3.7255
3.111
5.3481
4.2168
3.0015
3.7881
4.4497
2.8243
2.9739
4.741
3.0052
2.9935
5.2175
3.5975
2.8148
3.0072
4.6214
1.2833
3.0542
3.3158
3.5066
1.813
3.0535
3.0496
3.6973
2.2316
2.895
1.6535
4.5971
2.4779
1.9882
3.0207
2.4909
3.2401
2.9403
4.2546
7.8783
6.211
0.67354
2.6422
1.6586
0.69269
3.4249
3.1134
0.55238
2.3082
5.9701
5.7446
6.7927
6.6891
5.0563
1.6396
4.3233
2.4515
0.62586
2.0546
2.8311
3.3461
5.958
5.19
2.529
2.5552
4.6575
4.996
1.3276
4.6544
3.2674
1.9519
3.6405
4.1434
1.1354
3.9166
4.6947
0.72136
3.9907
4.7879
2.7311
3.595
4.8507
2.8855
3.8535
5.2267
0.40419
2.714
4.1956
1.3479
3.0715
4.7522
2.309
1.305
3.2945
2.9343
1.183
3.7038
6.1117
6.3049
1.5127
5.7411
4.4202
2.8028
3.8376
4.884
2.8339
3.1097
2.6142
2.6816
0.56534
2.9974
2.1457
1.6724
1.6573
3.5923
1.2097
1.3082
3.267
2.3426
0.88074
2.6666
2.0658
3.1161
3.6816
4.3898
1.3679
0.63914
3.6313
0.42457
1.8347
2.5833
2.751
0.30332
4.2964
3.5959
1.1381
2.3176
3.8665
1.8158
0.79746
3.6532
5.0008
2.3252
0.975
4.4225
6.2763
4.9256
6.5052
4.2321
1.5668
2.3333
2.6987
0.65607
3.8293
0.81713
3.8262
3.3508
2.3189
0.82952
3.5867
2.5785
1.5499
2.0882
1.992
3.287
2.843
4.9965
2.2651
0.56491
3.8029
2.4035
3.8385
2.377
2.8892
2.8731
3.0918
3.1324
1.3949
3.8073
2.4391
3.6583
1.3284
3.0539
3.9228
3.1248
0.71718
4.2943
2.6578
2.5605
2.6624
2.865
3.9977
1.9235
2.3597
3.3506
5.3221
5.5716
2.2488
1.3548
3.3043
3.4931
4.1319
2.2631
1.7497
2.868
2.5714
1.8297
1.1925
4.1329
4.9507
2.7945
3.1307
2.8892
3.2603
5.954
1.8769
3.2743
1.8085
1.0966
5.2468
6.2141
4.5548
1.0295
2.4625
4.3067
1.148
1.4594
3.5317
1.5531
1.5146
2.3282
4.9536
3.3012
3.0846
1.4589
3.3464
2.1337
1.3472
4.99
3.4827
2.708
2.1672
1.8888
4.9552
2.7084
3.1707
1.2595
3.689
2.3895
3.0763
2.1117
5.0425
3.5462
2.0964
3.8931
2.2329
2.3276
3.6768
2.7522
3.1587
4.544
3.8993
0.64985
3.5829
3.5453
2.2268
3.1033
2.8278
3.7303
1.4795
3.7041
3.555
2.8502
3.4686
4.0392
1.7269
3.6256
3.0636
2.8824
3.8158
2.7189
3.4675
2.3536
3.8977
3.1057
4.2463
4.2957
3.6829
1.877
3.9167
4.0092
4.5922
9.9831
7.6138
4.9582
6.6248
1.8058
4.6874
6.4355
2.6918
4.5295
3.1932
3.218
2.865
6.6945
7.1221
6.6617
8.9106
4.4258
6.1039
4.0469
3.4146
5.3314
6.6457
8.1802
7.7759
4.0134
3.299
6.1569
3.111
2.9963
2.645
1.2098
3.1882
4.6649
1.3548
3.2222
2.6812
1.867
2.809
2.8231
1.6941
1.8102
4.7443
4.3774
3.3823
5.8367
6.9829
8.6184
1.4867
4.2728
2.097
3.0148
3.3384
2.7772
1.0506
2.2598
2.589
1.8095
1.6238
2.3819
2.7468
0.38242
3.6913
1.4407
3.4724
1.0979
4.1501
1.4311
2.0325
3.0687
1.758
2.3033
2.2797
2.928
0.49954
4.7681
1.2951
2.1817
1.7446
3.3012
1.4742
1.2456
3.9483
0.67862
4.0975
4.8605
2.7173
3.0015
4.8328
2.8099
2.8016
4.3762
6.369
3.6123
3.1532
4.1975
4.3687
0.32209
1.5466
2.8036
1.3746
0.88043
3.4229
1.0276
0.38592
0.66769
0.96574
4.3398
0.85528
0.43707
0.69117
0.47254
0.29068
0.43288
1.4256
0.45114
0.93106
1.6706
6.3737
4.6543
2.0309
1.628
3.7343
1.6226
2.3989
1.0877
3.2544
3.9004
1.4162
1.9022
3.3303
0.3673
2.2432
1.3989
1.637
0.79841
0.57255
4.2372
2.5767
0.62453
4.273
1.024
4.7937
7.2601
6.9204
5.3609
2.3783
2.0111
1.4692
0.85307
2.1053
0.5757
0.11434
1.7665
2.6628
0.30243
0.8841
1.9888
0.2916
1.0193
1.8748
0.26037
1.5153
1.3899
0.19903
2.0513
0.8775
1.7732
2.3534
0.58359
1.1224
1.8364
0.2155
2.1012
1.1993
0.7665
2.4172
0.66329
1.3557
2.2554
1.1233
1.0493
2.4805
5.0347
3.5318
1.6611
4.4898
3.7659
3.7471
2.4452
4.8427
2.2982
2.8202
1.3943
2.1658
1.4428
1.2914
4.5529
3.1279
3.0172
3.1089
3.5025
2.7615
0.15766
3.1648
0.77067
3.0982
0.79201
3.7017
0.97259
2.8961
0.9732
3.7763
1.1823
2.3171
1.3119
3.4899
1.5376
1.1528
3.4965
2.3917
3.0628
0.45299
3.9282
2.9952
1.6062
3.7473
2.4006
4.7578
5.7476
3.4067
4.9803
0.92618
2.4153
5.2023
3.867
1.5997
4.6158
2.9511
4.3945
3.1237
4.3386
2.2029
2.3601
3.6135
4.8184
2.7368
1.9742
4.1899
1.1938
4.5084
3.9428
2.3621
1.7328
5.177
3.5955
0.40434
5.474
5.5371
0.6671
4.2779
2.9069
2.5879
3.8481
4.4572
2.096
3.8289
1.3898
4.751
4.8172
1.9529
1.5083
3.443
3.6328
3.7956
0.36666
5.0556
2.4105
3.9007
1.0113
5.0478
2.9534
4.2094
3.4357
2.6005
2.4987
3.8197
3.8555
3.5558
5.4809
2.8395
2.9331
2.5264
4.9881
2.5494
4.2729
3.9869
2.2054
3.8744
3.1379
3.5268
4.6493
3.2853
3.8667
0.37816
4.034
3.5357
2.2649
1.8985
3.2869
2.8225
3.8162
2.4551
3.1008
4.81
4.8271
2.934
0.47053
2.9002
2.7664
3.7923
4.4103
0.64257
2.1181
3.2043
2.8513
4.1532
2.9461
2.5007
3.5997
7.0513
4.9176
1.0759
6.4427
9.6643
1.841
8.3875
6.0642
3.8911
1.4338
2.7801
8.7925
5.8301
5.203
7.8051
5.7708
1.5377
5.5184
1.8028
2.9376
3.7884
4.1886
3.6307
2.6917
3.601
5.0659
0.90376
3.7234
3.3245
4.3202
3.1518
2.222
4.7249
1.2287
3.9266
3.1835
4.8251
1.4607
4.6539
3.3905
4.3847
2.8061
4.8383
4.8143
0.50425
3.8631
2.9032
3.7533
3.4741
4.8495
4.8208
3.9156
2.4539
5.9974
4.1401
2.276
2.0414
4.851
1.6247
3.0124
3.3125
4.4299
4.1842
4.2432
3.0716
1.1043
3.4921
3.1317
2.0585
1.7966
4.3778
1.4117
2.2981
2.9217
2.3826
2.3051
2.0572
4.0251
0.86853
2.3742
1.9186
3.4481
0.26717
2.7126
3.5867
0.50462
2.0327
2.3314
3.5263
1.7004
4.186
4.3756
2.6051
4.2361
2.6974
2.1063
2.0294
3.6221
3.3683
1.9535
4.8151
6.871
8.6378
0.26706
1.3564
4.2858
5.1884
2.0036
3.2316
3.4474
1.3644
2.1019
3.7763
1.8156
2.4671
1.6254
5.6608
1.9841
1.5367
2.6257
3.2817
2.3039
1.3826
3.0509
3.5912
1.1203
3.3036
3.1403
1.4813
4.3154
3.6306
2.0112
1.945
3.5731
3.4183
4.5808
1.0616
1.817
4.558
0.72202
2.7821
4.9977
1.561
0.78339
4.7095
2.3478
2.0303
2.3749
3.957
3.9319
0.6388
2.5174
2.7584
0.43935
3.242
1.8297
0.85235
2.3111
1.1401
3.0523
1.9732
0.44528
2.2043
1.3711
2.2998
1.5799
2.996
0.44012
2.8968
3.0563
3.101
2.3818
0.90472
1.1695
3.065
3.1186
0.89742
1.3416
2.713
1.3114
2.3484
1.1079
2.1318
1.5127
1.7765
2.5083
5.3148
6.1591
5.5696
3.8688
3.0191
5.2393
3.0721
3.7618
4.2501
6.7848
6.1212
2.7326
2.6249
4.0012
2.6297
2.4018
4.016
2.5854
3.608
7.1493
3.2903
3.1039
4.6439
3.2502
0.9248
2.2182
3.9426
1.8293
2.1502
2.9339
3.3759
1.2689
4.0564
4.6326
3.4649
1.8421
3.443
4.5522
2.36
1.2097
4.4837
0.92016
2.7847
3.2792
3.2845
0.9018
4.0025
2.7958
1.1542
4.1763
3.3903
1.6222
1.845
4.4545
3.4383
0.56927
3.1578
3.3056
3.9547
1.5616
7.3468
6.7206
6.011
1.448
4.5773
2.7168
3.2226
1.7401
1.4273
2.2335
1.4752
2.6291
2.6683
3.1102
1.0001
2.3728
1.4004
3.0639
1.8449
2.3322
2.2166
1.828
3.0862
1.7007
2.2367
1.8888
2.1837
1.6476
2.5577
3.052
3.0916
4.2842
3.0398
3.0771
3.0309
3.0736
3.0185
3.0385
3.0415
4.3379
3.2
3.5683
6.024
4.126
4.654
1.2328
4.6854
7.4245
1.0495
1.2566
4.2688
2.8699
3.348
2.1195
0.57091
3.873
2.2028
4.4641
4.3291
3.4975
2.1088
2.3264
1.3273
1.6137
4.216
0.46819
4.2773
3.4866
1.3037
1.5042
1.4756
3.5443
1.7246
3.2408
1.5937
2.6398
1.4268
2.922
2.9652
1.4401
3.3842
0.87361
2.5562
2.5929
2.7887
2.7997
1.92
3.002
0.43178
4.1508
1.6472
3.0903
1.2487
2.0993
3.4617
1.1611
2.8842
4.5428
3.7903
5.099
1.4319
2.2991
3.752
5.1862
2.1995
2.6439
3.1374
3.1547
2.5378
1.5242
3.2305
2.9377
3.0108
4.5232
1.3032
0.30748
0.88165
5.2515
3.7397
2.2026
2.4696
3.9977
1.0303
1.2298
4.9262
3.843
1.4525
1.7445
3.5699
7.1815
6.314
3.9638
4.8134
3.7766
7.5753
7.8393
6.4358
5.0163
7.5177
6.7649
5.0226
4.3797
4.5486
0.83864
2.3736
5.3371
3.6011
0.34345
2.2059
2.7868
2.6251
1.2152
2.2126
0.75441
3.2289
0.76697
1.9591
0.22616
3.6571
1.0302
1.6448
0.58639
4.2127
2.506
0.16985
1.7382
1.9392
2.8532
0.59212
0.94506
3.2671
0.46943
2.0374
0.8814
4.1301
0.10693
1.7138
1.4968
3.2297
1.1861
0.17688
4.4424
1.6635
0.21326
2.515
1.9483
0.88747
1.6494
1.6837
2.804
0.25837
3.2134
2.2382
3.2281
2.0724
1.8634
3.4794
3.1605
1.7322
1.6488
1.6908
0.49307
1.9361
0.30205
4.2403
0.16616
1.9703
3.0519
2.9508
3.1276
0.973
0.45751
0.2405
2.6018
1.3282
0.79855
1.643
0.91996
3.1903
0.83264
7.4294
0.45305
5.0649
1.9643
1.9307
1.3363
3.2763
1.7941
1.7991
1.6642
0.67039
2.248
3.9476
5.7568
0.33075
6.0008
3.5243
1.6172
1.6579
3.7765
2.5953
0.21286
4.9678
1.6549
0.42989
4.7398
2.8666
0.60398
2.8216
3.8476
3.3577
0.57503
0.59972
2.8011
2.7475
0.77067
1.9004
2.0355
2.4308
1.0506
2.0908
3.7319
0.21822
3.5832
1.9682
2.696
1.9529
3.2374
1.4112
1.4555
2.845
2.5583
1.1273
3.3018
3.5296
0.44747
1.6929
2.196
2.6524
1.0424
2.0959
3.4295
0.98982
1.8375
2.4453
3.1485
2.233
7.4359
3.0968
1.1675
3.2937
2.5709
2.3962
1.9191
4.1112
4.4694
1.2279
0.36464
2.8592
1.7096
0.36397
4.3547
3.811
0.078768
0.99416
5.1267
0.055589
2.2992
2.145
2.1898
0.56634
3.2127
3.6012
0.08518
1.6328
3.363
0.097039
1.7849
1.8297
2.8404
0.1579
3.3663
2.3872
0.42273
2.2979
1.485
1.84
5.285
2.1542
3.2162
0.45513
2.8785
2.2797
2.1206
8.212
6.6878
6.3487
2.8513
0.30821
4.6727
1.3728
0.33083
3.3177
2.4184
0.14336
3.1173
2.5817
1.9356
0.60219
3.4616
1.6067
2.3845
2.6817
4.2501
0.20678
2.0287
2.4666
3.7864
1.2377
1.5343
3.6325
0.052563
2.8813
2.3962
2.6361
1.8917
3.3075
1.5771
1.0586
4.4939
1.5865
1.4603
2.5115
4.0312
0.16749
3.7599
2.1779
1.9179
2.7984
3.8987
1.5804
1.83
4.3931
2.1615
4.2253
1.058
3.6134
1.4691
2.021
1.8255
2.8727
2.2718
1.4123
1.539
4.5064
2.8344
1.7059
1.4091
3.7901
1.2494
2.6133
0.82803
3.268
2.1035
1.8264
1.6565
2.5513
2.635
0.82178
1.6678
3.0681
1.7226
2.2386
1.3299
1.5489
4.1337
0.50681
2.4341
0.54229
4.3791
2.6729
2.456
9.4552
7.8806
3.9029
2.3828
3.7684
6.6907
5.2747
4.3392
5.4246
1.3855
2.7759
2.6073
4.6833
1.1393
4.3939
4.1339
2.0856
0.8356
4.752
3.0117
0.93831
3.5934
1.5869
2.9956
3.439
4.9603
2.7679
2.384
2.0723
4.389
0.452
2.2693
2.9755
3.5695
2.7906
2.2032
2.0176
2.4901
0.54534
3.8131
1.9908
1.8712
0.67902
4.2019
0.68618
2.8435
1.3995
3.5568
0.13926
2.1292
2.6893
2.0829
1.086
2.363
1.634
3.5388
5.9858
7.2481
6.3168
3.0456
1.862
1.9696
1.3646
0.3591
1.709
0.25394
2.9426
1.8314
1.7563
1.1045
2.2133
0.79862
3.0872
2.8579
0.15681
1.0918
1.0861
1.8527
0.91554
2.041
0.14692
2.1107
0.93051
4.1045
0.18999
2.4731
0.49034
2.0018
0.95789
1.5562
0.60765
2.7884
0.25181
3.0351
4.1587
5.1352
3.6661
2.3092
2.6989
4.2143
4.2965
0.36733
4.2193
4.9191
5.8156
7.4343
8.8277
5.8237
4.7358
4.0051
3.8619
3.4284
1.0947
3.6755
2.2847
3.2136
6.1045
0.91745
3.4594
3.3872
2.1265
2.0046
0.87858
3.4769
3.4184
0.57719
2.5449
4.6652
3.409
1.5527
2.0857
2.9732
1.5783
2.3331
3.3283
0.7722
3.9921
4.5679
2.7392
3.09
4.6623
4.6543
1.6953
0.35753
2.6165
2.9489
0.78375
4.2386
3.7999
0.13113
4.8955
4.0997
2.8357
2.5504
5.0223
1.4663
3.0284
2.7183
0.40895
2.4781
0.89546
3.1727
2.447
0.52347
2.6941
1.4146
1.5809
2.2431
0.82857
2.1916
2.1113
1.3622
2.4286
0.91936
3.1444
2.8023
0.96048
1.1887
1.1679
1.9077
0.98859
1.4511
1.7696
0.12255
2.7723
1.8685
0.6605
1.7322
1.0884
2.4052
0.154
2.6041
2.2644
0.17071
2.5725
4.4508
5.1958
1.9581
2.8418
5.9316
4.6502
4.6166
6.3006
6.4163
3.3214
4.0822
2.5813
2.2248
2.9073
2.7573
3.5444
1.2551
3.2773
0.62501
4.0395
1.6462
2.8518
1.0271
2.9462
1.9077
2.9724
0.75803
3.5103
1.4204
2.0874
1.4244
4.4355
3.0021
0.51835
2.6274
4.3592
0.8488
2.4481
0.44271
4.288
3.2945
0.30649
1.7515
2.8853
1.7457
2.1051
2.4092
0.17762
3.3213
2.4544
0.17748
2.2924
4.5796
0.72717
1.5236
0.38767
3.1267
1.4174
1.3279
1.623
5.4616
3.208
1.1059
2.1268
2.1273
1.7188
1.1986
0.51744
3.4292
0.7701
1.5665
1.5105
4.4284
4.6241
0.27056
0.79632
3.4131
0.41094
0.77567
2.5026
2.6871
1.3965
0.52601
3.246
1.2651
0.98201
4.5378
2.6651
4.3796
1.4657
5.4469
2.8344
2.9886
3.3213
3.033
2.5739
1.0826
0.36669
2.9042
6.8788
9.0856
6.0916
5.2882
7.1652
3.2344
2.5215
1.6226
2.4248
3.6006
0.11719
1.4545
1.8234
1.7978
1.7031
3.1602
4.6666
1.1881
1.6276
3.9591
4.3743
3.0562
2.4627
4.1416
3.2658
0.14544
0.47429
2.0756
0.66006
1.7546
1.326
3.1722
0.14213
1.6443
2.2225
2.6818
0.46922
1.8581
2.0717
1.7966
3.0793
0.63916
2.4033
0.92252
1.3631
2.1149
2.8657
2.0022
1.7514
1.8252
3.505
0.18971
2.3705
8.2226
1.8898
2.6363
5.2088
5.7537
2.5466
0.5499
1.2388
0.64415
2.8629
0.4645
1.5803
1.6897
2.5118
1.6107
1.9466
4.5443
7.3647
3.1809
5.3665
3.8298
1.5843
2.2445
1.9699
2.3178
2.6033
1.3072
1.3838
2.0147
0.89931
1.9336
3.3498
4.5634
0.64212
4.2759
6.2268
4.8391
4.5134
4.0316
3.3874
3.3701
1.23
0.38119
4.5692
6.4576
1.9772
5.2886
7.0194
6.0673
1.2443
3.6023
2.6066
0.99872
2.5852
1.8378
1.7493
1.7252
3.9009
1.4919
2.3291
0.29357
2.6563
1.8943
1.4376
2.008
3.6071
2.2346
0.37458
3.8309
1.846
2.2361
2.457
3.765
2.605
2.0418
0.87201
2.5553
1.9987
2.3371
4.6015
1.4909
1.7991
2.9555
1.629
4.1011
2.7209
0.20294
4.0016
1.4205
1.927
3.0926
2.0239
3.8557
2.0432
1.0358
2.8036
5.0068
7.0387
9.6546
4.3496
4.9853
2.5716
1.4349
3.1065
3.1115
2.1904
3.101
3.0585
1.0755
3.1148
4.0126
6.6382
5.1137
2.2573
3.5529
2.5626
0.58014
3.9227
0.54861
4.6247
2.9288
2.858
2.8508
2.4391
0.37122
2.9639
2.2492
1.2136
1.9149
0.58685
3.1825
0.57945
4.0078
4.9007
7.675
5.1969
2.9382
2.5422
3.322
3.6565
9.8699
8.0396
5.9932
7.3323
8.5459
6.7311
6.6326
8.3963
3.1185
4.5832
3.3179
5.7367
0.90344
3.3547
4.1683
2.8838
1.1278
4.6183
1.0933
2.0912
2.4108
2.952
1.0285
3.2816
2.5167
2.5242
3.127
2.6635
1.1589
3.6243
2.1354
1.8456
3.3994
1.7002
2.0202
3.5302
2.5172
0.72474
4.6458
2.2167
0.90074
2.6257
2.7544
1.6025
2.4827
2.7417
1.4722
2.8057
2.9052
4.4428
6.1271
4.1411
3.1816
2.4921
2.5362
0.71104
5.0135
0.89992
1.8244
1.231
2.172
3.8626
2.983
5.7711
2.4358
1.5229
3.1984
2.4737
3.3654
2.4119
3.6869
1.2878
2.1908
2.3246
2.3992
0.59068
3.6081
1.9574
1.7756
1.9235
3.5053
0.78366
2.6436
2.5383
4.3446
1.6144
4.5595
3.6321
4.0683
3.2791
2.9186
2.368
7.034
3.6796
0.40742
3.8608
10.482
3.3422
6.4386
7.6055
4.0539
1.374
3.8253
2.1252
0.47303
3.1807
1.1459
1.6639
1.9627
6.1414
0.83467
1.4154
4.8209
0.36571
2.773
3.1925
2.4507
0.84605
3.4513
0.55069
2.5031
2.785
4.2429
1.0955
2.9895
1.3284
2.1001
3.3257
1.3686
2.8206
2.3609
3.0644
0.31859
3.8314
1.6027
1.5122
3.6525
1.8077
2.1276
2.6904
2.6324
1.0937
4.2308
2.2086
1.4932
5.259
3.028
2.648
1.4215
1.8058
0.92445
2.1562
1.1606
0.80658
1.564
1.9951
2.4402
0.43869
1.6016
3.4562
0.77066
1.4807
1.9118
1.2109
1.6751
2.7376
1.5011
1.4112
2.1847
0.68986
3.0956
2.3543
3.1314
1.1781
0.44708
1.8972
1.1897
2.8341
0.47887
2.8701
2.0324
0.82521
4.3249
3.5017
4.035
3.2149
1.8018
2.8428
4.5397
5.0047
1.5101
8.7947
6.1693
3.2738
3.7968
4.7357
1.6659
6.1577
1.6544
1.6532
4.2677
3.7845
1.3442
2.2354
4.3431
2.2687
2.0735
4.1064
1.6778
2.3285
5.3501
2.1319
3.112
4.8161
4.3858
2.7176
4.0665
5.0087
2.8422
3.0054
5.0786
3.2729
2.9122
4.822
3.5859
2.9562
4.2226
3.8019
3.0433
4.1202
3.9346
3.4039
2.9024
4.7566
3.6859
2.6942
4.3516
4.1425
1.8479
7.6433
7.059
5.3231
2.6961
3.0177
1.7407
1.6538
1.3919
2.6262
1.4588
2.2924
3.1953
1.939
1.1993
2.6848
1.3456
2.0797
2.8845
2.0538
2.3072
1.4054
2.2895
0.54647
3.0876
1.4817
2.5999
1.7456
2.0244
2.2635
2.192
1.3796
3.0701
3.0865
2.8334
2.3813
0.32006
2.2109
1.9685
1.9259
3.1484
3.3354
2.0408
2.5273
4.9594
1.7548
1.6385
9.2343
3.5451
3.9265
1.0158
3.7285
2.112
6.2685
8.491
5.3686
3.17
3.0247
5.7606
1.4607
2.9964
3.5198
3.4651
2.4505
0.44797
3.7877
1.06
1.4449
2.6561
2.6462
5.3711
0.79579
2.6214
3.7721
0.63157
3.625
3.0751
0.99991
2.05
3.8872
0.69937
2.2625
2.8458
3.8668
2.8354
1.0838
3.1157
1.1354
1.8158
4.4035
1.1222
1.0653
5.6197
1.9955
0.56079
2.4203
1.8644
1.814
0.57784
2.436
4.3254
1.0676
2.023
0.44242
2.3783
0.61615
3.1313
3.1634
2.2257
0.52027
2.7274
0.66924
1.675
2.2962
0.39869
2.6931
3.0973
1.9518
0.26958
0.34613
2.0935
0.50406
2.0615
1.1417
1.2627
2.0194
2.9172
0.21028
1.23
1.8182
0.97892
1.5008
1.1795
1.7004
2.4674
1.5316
2.2642
1.553
6.8322
4.1664
7.213
6.086
2.5759
2.9936
3.3302
1.6526
2.1693
8.7029
1.2385
1.8751
2.2376
2.8041
0.92763
4.0128
1.337
4.6511
4.4622
2.9404
5.0223
6.7296
1.6229
4.1853
4.4934
1.1307
3.2939
2.7887
2.484
1.8642
5.4985
1.432
3.1948
4.7505
1.3777
2.9622
3.5059
2.7052
1.3382
4.8334
2.2783
2.6426
3.4105
3.6012
2.3866
2.4258
4.7086
2.4534
0.92399
4.3382
3.0248
1.0531
3.9102
3.2436
3.5122
2.2908
3.2198
4.966
1.6017
4.4389
5.2691
2.9637
3.3705
8.8249
2.0186
3.1551
3.1975
3.1458
3.0664
2.9639
0.59521
3.1141
3.5572
2.478
2.3194
1.3724
4.5227
8.7229
4.7459
2.248
1.8514
2.8751
2.0909
2.9483
3.2339
1.9543
4.5487
3.1181
0.62849
0.52989
2.366
3.8238
3.5128
2.5903
2.4228
1.8827
4.0905
1.8584
2.8481
2.194
3.2441
1.274
2.9546
5.2187
5.1177
2.0439
4.8479
0.58128
2.8111
3.5222
2.3399
1.1506
4.7492
2.1169
2.3068
2.9104
3.1768
2.7517
4.3234
3.9174
3.0175
3.9629
4.1336
3.1503
3.6868
4.0009
3.0158
3.8828
3.9317
0.58561
2.3243
3.7713
2.8047
4.7314
3.3722
2.7851
2.3171
0.99768
3.0856
5.005
3.7862
1.1067
1.6179
4.4544
0.59437
2.7804
2.3589
2.9752
0.78388
5.1314
1.5864
1.6097
3.2983
4.7571
7.961
3.8553
5.0809
3.2332
1.0041
3.4506
3.1271
0.36306
4.6873
2.0932
6.0086
2.5925
1.2935
2.8739
1.176
3.1854
2.0552
1.4026
3.584
2.2666
0.77813
2.4884
2.1454
0.6696
3.183
4.0013
2.7424
2.4705
1.0525
3.5028
3.3608
2.793
6.3987
5.6956
3.4941
5.4756
2.0822
3.7504
6.8645
2.8009
1.1366
5.8759
6.093
2.6764
10.277
7.875
6.5097
8.118
7.3397
3.0414
1.8585
2.4726
0.26717
1.5172
1.0358
0.3205
3.2308
4.6518
1.8908
4.3941
2.7603
1.6056
2.5416
2.7153
2.0025
2.0192
3.205
1.4778
2.3777
5.4805
2.4544
1.2975
3.9201
1.3278
1.6973
3.6887
1.3635
1.9649
4.1805
3.492
2.7618
4.7118
3.1855
2.7562
4.4882
3.0527
0.96583
1.7232
1.2539
2.1267
1.8368
3.268
0.43418
3.7845
2.4797
0.84924
3.0339
4.9809
4.758
4.764
3.1842
5.0902
2.8603
1.5642
1.4354
2.2684
0.84591
4.3521
5.0796
2.7498
2.4443
3.9512
2.109
1.5827
2.929
2.9447
1.797
2.6133
2.2648
4.2026
1.0777
2.1081
0.62185
4.6372
3.1736
2.0837
4.0996
1.5817
2.8097
3.6115
1.944
1.7038
2.476
3.144
1.2444
1.9228
7.8711
0.84999
0.38515
4.9048
2.3838
2.0232
1.5205
4.298
4.4509
0.39468
5.1385
2.5294
3.2126
0.75966
3.5924
5.0526
3.0743
2.8857
2.5785
1.2939
1.7519
2.4306
3.8224
3.0074
2.581
2.0735
2.6149
4.1663
4.0692
0.64731
2.7187
2.1852
3.975
3.37
1.4526
3.8799
2.7261
2.5773
1.5389
4.7591
1.8686
2.2633
2.1693
4.0298
3.4137
1.1443
3.0775
2.8477
3.309
1.6393
4.3985
2.1535
2.9496
3.5303
3.198
4.62
5.8741
1.861
2.2239
3.5628
3.3959
2.7091
2.3339
4.8244
1.451
2.5836
2.7192
3.412
1.9982
1.5939
4.1398
3.3347
0.10511
3.4213
2.3367
2.5128
0.26418
4.6594
1.1389
2.5616
1.8687
3.1981
1.7098
3.3174
3.6873
0.16032
1.7079
2.6772
2.0825
1.386
1.4973
3.6263
0.16295
2.8333
4.1989
2.2723
1.3084
2.7406
1.9761
1.1387
3.6383
6.8591
2.6514
5.7257
9.1487
6.8186
6.4032
1.5683
6.4817
0.15185
2.2882
4.9568
1.2983
0.72824
5.2392
1.617
1.7415
2.7603
2.9956
0.59892
4.1196
2.2917
2.6154
2.1264
3.004
3.5944
0.15135
3.7121
3.1017
1.9517
2.2462
6.5687
4.1826
2.2743
1.4529
3.682
2.3415
1.0476
4.8722
4.6588
3.1157
3.0143
4.916
3.5842
2.7289
4.1545
4.4111
2.7078
1.5653
2.3854
2.1119
3.4689
4.8841
4.2171
0.49169
2.4546
0.41595
2.1431
1.3669
2.83
2.0384
0.75112
2.2453
1.4185
1.5035
2.2367
0.76411
2.784
2.6275
5.7481
0.58664
2.2024
1.2999
1.9701
2.7648
1.515
0.88602
2.8893
0.62541
4.1732
1.8675
0.76936
2.1418
1.069
1.3619
1.9492
1.4466
2.6191
1.3198
3.248
4.7779
2.5134
1.9491
0.82005
3.2131
4.4991
2.798
3.2697
3.9469
2.2656
3.5158
2.0222
7.2224
3.2593
0.48365
3.3728
2.3177
2.385
1.4268
4.0095
0.58564
1.7732
1.8182
2.9632
0.38341
3.3832
4.3521
3.8635
2.4344
2.315
4.0055
6.1663
7.2632
3.5421
3.4551
3.1777
3.4957
3.1957
0.25428
3.6962
0.7746
2.1282
1.2739
1.2576
3.7239
1.5087
2.0659
0.8083
3.5931
2.9896
1.6817
2.0109
2.2075
0.29677
4.365
1.1438
2.1277
3.2152
3.8014
4.7526
0.94855
1.7341
0.82492
0.51246
3.0691
0.077188
2.0433
0.24266
1.7093
0.68634
2.3208
0.97842
1.4339
1.2725
0.47187
1.7001
1.6098
0.73406
2.618
1.7088
3.1011
0.25551
1.9474
0.34009
1.8705
2.091
1.7072
1.832
0.73335
2.738
0.78982
1.9586
0.96599
1.2812
2.9255
0.91132
1.5741
5.132
2.2158
1.869
3.4042
5.2231
1.8268
4.2999
5.4916
2.1577
1.2058
4.4143
3.8818
0.23001
3.6164
3.2413
3.2972
2.1433
3.7764
0.39353
3.3381
3.7503
0.43488
4.1268
4.9672
0.55366
3.3253
6.5016
3.4891
3.2784
4.862
3.8595
2.9923
4.7619
3.8087
2.7451
4.4101
3.8694
4.1492
3.9165
1.6649
1.7189
3.8992
2.0258
2.1486
2.6305
4.2104
0.80749
3.3953
3.5957
1.6294
3.4142
2.8061
2.7603
2.4156
3.0443
3.2527
1.6466
4.4217
4.2853
3.7992
3.2589
4.2758
2.2652
2.1539
2.9963
3.8115
2.6629
1.056
3.8029
2.3433
2.6143
1.1679
4.5249
1.2462
2.4187
2.337
3.2559
0.48934
3.4331
2.6242
0.91037
3.7506
1.6446
1.8348
2.9222
5.4095
2.8054
3.9177
1.9112
0.15198
2.4802
4.8432
1.2901
1.3046
5.5918
3.1058
2.3613
2.6705
3.2923
0.30604
6.6304
4.3852
0.39073
4.2335
2.7387
1.4482
3.1681
4.836
3.42
2.9335
2.7001
4.2201
2.7759
3.7776
5.553
0.90712
1.9209
3.7902
4.0624
0.65743
3.0131
3.868
1.6249
2.6532
4.6236
4.0493
2.8976
3.4023
4.599
3.496
3.0139
3.3447
4.7563
1.6998
0.46854
2.5286
3.2759
1.4573
2.1144
3.6456
0.61308
2.3126
2.4234
4.0211
0.19773
2.4768
2.4222
2.949
0.08424
4.0405
1.6663
1.6769
2.0736
3.2518
1.8828
5.3969
2.1903
2.6535
2.1258
2.4205
3.3602
5.4122
0.48598
1.3579
2.6686
2.0603
1.8134
4.1552
0.77017
4.2815
3.7679
6.8009
4.8305
6.4764
5.0675
2.2805
3.1482
0.81503
3.1683
2.6693
2.2757
2.156
1.1883
3.7386
1.7969
1.1099
3.2023
1.8749
3.6888
0.45206
2.1998
3.8232
1.9021
2.7584
3.8534
3.9749
2.8627
2.3357
1.621
1.3881
4.5011
7.5417
7.4972
8.7563
9.4584
3.3795
2.7941
1.0467
7.4836
4.0716
0.94844
2.9228
2.3178
1.2602
3.2086
2.319
1.7751
0.52575
3.1878
1.4146
1.5461
2.5732
1.9705
1.711
1.4107
4.5877
0.51721
2.0319
1.8373
2.9976
0.88825
1.6961
2.3506
2.2873
0.44766
3.9567
2.7061
0.2193
2.1523
2.4103
1.4683
1.2768
1.7655
2.8353
0.28532
2.1687
2.5086
1.5541
0.45953
3.858
0.5362
3.6013
5.4075
6.8317
0.68105
2.2242
2.851
0.63549
1.7246
1.016
3.1391
2.267
0.32269
1.7996
2.8715
4.9222
1.9627
0.64103
4.675
3.162
3.8509
3.4987
5.6964
3.5992
2.7931
5.1146
4.0784
1.8385
4.9803
3.705
0.55225
2.5931
2.2356
2.6089
0.17074
1.3762
8.4606
3.4674
4.2782
2.7392
1.802
1.6443
1.8076
2.7915
0.30293
6.3043
3.4659
3.3255
4.0331
1.6117
2.637
3.1567
2.6968
2.4585
0.48638
3.4354
1.668
2.8299
2.1646
2.8706
0.5332
3.8665
4.3669
0.13294
2.3158
3.0404
1.4371
1.5115
3.2055
3.3451
0.4556
3.9012
1.6755
1.2648
4.5516
2.7508
0.20568
3.1735
3.391
1.7304
1.5219
3.7342
0.19129
2.6388
1.9689
2.1446
2.1116
2.5935
1.6671
1.8684
3.013
0.18369
4.021
2.2198
2.1995
3.8571
5.0163
2.8364
1.9148
8.9524
8.0171
5.8304
2.2861
4.2603
2.0328
0.81357
5.082
6.4304
2.0199
6.3178
2.5749
2.6554
6.1954
1.2156
2.2579
0.88974
2.7694
1.2172
1.8231
3.521
2.2248
2.7886
0.71447
4.2618
5.155
3.0687
3.0311
3.6699
1.1816
3.6571
1.8815
4.0592
0.35779
2.9214
2.8908
2.042
2.117
1.6516
9.3107
1.5129
1.9274
3.5211
6
5.4128
8.2422
7.6786
6.6633
6.3021
3.4533
3.2505
0.72973
8.7454
5.7139
1.9403
2.2011
3.3321
5.1025
3.0567
4.8215
1.5359
0.26571
3.8111
2.5105
0.21254
3.1467
1.853
2.0149
1.2065
3.5335
1.4097
3.2033
3.5988
2.2409
1.8267
0.61106
2.5256
2.9896
0.46613
2.8095
2.6669
1.5752
3.036
3.5727
4.1197
0.033122
0.4049
3.5787
1.1654
0.93032
2.178
3.399
1.7866
3.9074
2.7258
0.26428
2.2638
2.3401
1.6063
1.1538
2.7382
1.7596
1.8058
2.7619
4.2512
0.54064
1.6083
1.0234
3.5953
0.74413
1.4394
0.88206
3.6564
0.06843
1.5306
2.0275
2.8253
0.45012
2.0046
2.3043
1.3409
1.2429
1.3149
2.7824
1.9494
0.51706
1.601
2.4537
3.7193
2.033
2.0717
3.6069
3.1679
3.8962
1.383
0.65721
3.4608
4.8935
3.3292
0.39111
0.88717
2.6709
0.49627
3.301
2.5946
0.67458
1.7127
2.9628
2.6449
1.35
0.78609
4.193
1.6823
1.2806
1.7314
5.0027
0.85247
2.3593
2.709
2.2706
1.5508
1.8794
3.5825
1.6781
2.5543
3.8493
0.98343
3.3509
3.1517
1.6858
2.8058
2.5745
4.2635
0.73027
2.1482
3.674
3.6421
2.9936
2.9277
4.6395
3.0311
2.7269
3.299
4.5747
2.7192
2.732
3.3705
4.3779
1.7858
5.8286
1.0859
2.9255
2.1887
0.71645
2.5842
1.2391
2.1246
3.2111
1.3651
2.5426
1.4164
2.6446
1.5323
2.7153
1.6208
2.2133
1.077
2.9162
3.0545
0.97555
2.7584
2.371
1.1752
2.0945
1.4518
1.2916
2.3037
0.38686
3.3133
1.575
0.86879
2.1531
2.6954
0.11314
1.7014
1.2097
1.2072
1.2587
3.2826
1.8589
0.25853
2.245
0.9825
1.5579
3.1849
2.0927
1.5561
1.3274
3.3427
0.55964
4.9802
3.6484
6.7521
2.8526
5.5286
0.51687
3.7792
2.2903
3.562
3.5228
6.1422
1.7033
2.754
5.0681
1.9752
2.4209
4.9785
1.59
3.0176
2.834
3.9391
1.5412
3.42
4.878
1.0893
3.8234
3.3721
3.6913
1.7941
2.552
3.3048
2.0429
1.6723
4.7022
1.3025
3.0257
4.0351
3.8103
2.7415
2.8511
3.7018
0.92669
2.4528
5.7667
7.618
1.6401
3.8052
1.7698
2.1578
3.0897
0.86836
3.0194
1.8016
1.9941
2.5731
2.6399
1.3568
2.0828
2.0111
1.1967
3.0737
0.45231
3.0079
0.72879
3.0097
3.0767
2.9267
2.2749
0.23311
2.4872
0.25808
2.7464
3.0006
2.8877
1.7195
0.5068
3.0001
0.097237
1.6836
0.46384
3.0452
3.9052
1.8344
2.0065
3.0511
1.8015
1.4634
5.7084
3.4071
1.5674
3.385
2.352
2.1117
5.4683
7.9203
6.2929
6.3991
5.6197
0.82695
4.3149
2.6581
1.4713
2.4474
2.9633
1.2612
3.2578
3.5515
0.83062
2.5902
3.1792
1.6351
1.1268
4.1981
0.8561
1.7472
3.7118
1.7882
1.4806
3.6428
1.9253
2.8381
3.65
4.158
1.3607
2.617
3.7157
2.8272
1.033
4.5289
1.2562
2.55
3.6995
1.7256
2.8084
3.1
1.6679
3.3483
2.8442
3.0486
2.025
5.162
4.945
0.76805
2.6865
2.4309
3.6492
2.4389
2.5956
2.9815
2.1794
2.3819
2.2976
2.7217
1.7308
1.3738
4.2133
2.2375
1.9669
3.1799
3.6031
2.6204
1.045
3.6733
1.8377
2.4493
2.0163
3.1155
1.5857
1.208
4.5642
0.7382
3.0277
1.3372
3.6422
1.2226
1.3811
3.6488
5.8686
6.6277
2.2818
4.5873
1.8324
4.4734
4.6225
3.9184
2.9382
4.6539
6.0422
3.1892
1.9796
5.5659
5.6448
4.8112
4.6824
3.4563
2.4206
4.9741
1.3386
3.7578
3.959
4.1194
1.8664
3.7115
3.7303
1.7065
4.4911
3.966
2.8189
4.5877
3.8151
1.3328
4.3416
4.0196
2.8135
2.4496
4.5451
2.7473
3.6088
5.3368
3.0691
4.0096
4.4438
2.2783
2.2665
4.953
1.7285
2.74
4.894
3.193
1.6354
4.4027
4.7843
2.6309
1.1212
3.9036
3.1651
1.6939
2.4599
4.0624
1.7315
3.6751
6.5915
6.8922
0.70699
3.1472
4.869
3.4079
3.9123
0.65041
4.208
1.7786
3.1185
5.8775
3.5597
3.6691
3.7586
0.98475
3.4136
1.8964
1.8106
1.3811
1.8552
1.6266
1.1567
5.0578
1.1634
0.58913
3.8269
3.0703
4.6555
3.361
3.6569
4.7332
1.953
2.8895
3.7665
2.0722
4.2507
2.6094
4.7453
2.9206
1.013
6.252
3.658
5.0124
8.5038
6.9336
5.6554
3.5854
4.6388
2.5681
0.36827
3.8043
1.7618
2.6943
2.9773
2.6302
1.5435
2.2607
3.1092
1.3702
1.9021
3.1583
3.6393
0.4801
3.0634
2.3633
0.93768
3.9096
2.9221
2.8214
2.2809
2.3847
1.3797
1.7501
2.6237
2.0962
0.9667
2.7092
3.5974
0.38075
2.8255
2.3965
1.7809
1.3224
2.279
3.5711
0.46395
1.7076
3.9092
0.92564
1.942
3.7465
5.6211
3.963
5.9122
5.6165
1.0822
2.7632
4.4746
4.2611
0.37158
3.3982
3.906
2.0609
6.4719
6.3419
7.244
7.3648
4.7923
3.9914
2.3221
3.6133
1.5937
1.4262
2.4051
4.1598
0.64191
3.5731
1.6706
1.977
0.74747
5.9632
3.6038
4.3018
4.5065
3.1361
4.0697
7.8266
3.6639
6.9532
6.6222
3.0078
5.1
4.8414
1.0531
0.93138
4.9945
5.9257
3.5893
2.805
6.1056
4.6572
2.5344
2.909
4.2551
0.90325
9.0587
7.1208
3.3165
6.7978
9.3783
7.9131
2.1978
5.7335
2.1653
4.0781
2.8879
3.0544
1.7963
6.4677
4.5674
1.2645
3.3148
3.3027
3.5472
1.2444
4.9442
3.7781
2.6757
2.9678
3.8393
3.1301
5.8201
2.7537
2.1035
5.025
4.0243
3.0636
4.2736
4.4204
3.0598
3.8731
4.8314
2.9531
3.0609
4.8598
3.7307
1.924
5.6282
7.0269
3.2607
1.5559
5.2015
1.7482
5.201
7.5113
2.9075
1.1871
4.663
3.2418
3.2189
2.5339
0.46055
4.0537
5
1.1599
3.1192
2.0639
2.8078
0.74773
4.5535
1.1924
2.6941
0.91289
3.4817
3.2851
0.33879
4.2302
5.1381
2.9655
1.2881
3.9043
2.9788
5.123
2.9075
3.0196
2.0711
5.3485
6.4255
4.5896
3.0893
5.0493
6.0204
5.0221
6.7681
4.7641
3.0934
1.9684
2.7535
3.005
1.39
3.612
1.8436
3.7795
2.2353
2.8502
0.94027
3.7584
2.5284
1.6361
2.9939
4.9054
3.2877
1.1263
0.46311
5.974
2.358
2.9348
1.0824
2.5796
3.035
2.7637
2.343
1.3392
4.6616
1.7676
1.3726
4.5204
2.3519
1.0064
4.0022
2.3744
2.3596
1.6691
2.8685
4.124
0.7106
3.2503
2.4186
2.8705
3.0087
0.5889
3.5085
4.5675
4.517
1.3298
4.1913
2.2888
3.5865
0.42304
4.2758
1.893
2.2306
2.0886
3.2837
3.9027
2.0269
0.43421
4.2534
5.0796
1.1209
2.3436
0.58347
3.4187
2.1303
1.8376
1.6974
2.3158
3.2551
0.43828
2.0284
2.2252
3.8462
0.3989
2.5888
1.3324
3.9685
0.39044
2.4941
1.9867
5.9034
3.5211
1.5392
5.1703
4.001
2.3874
6.1671
7.958
5.0078
3.1198
3.0982
7.5179
9.1446
4.0529
2.6493
2.8786
3.036
1.5029
4.3549
3.8314
3.2612
3.1248
3.1247
7.9189
2.2145
3.5825
5.0783
3.063
0.54888
5.4084
4.2992
1.122
4.2759
2.2155
1.3715
4.0609
4.4243
2.6024
3.1196
3.0136
3.0766
1.8892
4.9072
3.0959
1.4562
4.1307
2.4679
2.3681
4.2828
1.8873
3.0851
3.3288
3.5908
1.6942
4.3296
4.1975
3.0725
4.9227
3.8213
4.9238
2.5083
1.8817
3.9845
3.0358
3.0561
3.085
3.0657
3.1084
3.1004
3.0194
3.0487
3.0251
4.347
3.0911
3.0739
0.54229
0.42495
2.3749
0.53989
2.84
0.58975
2.2124
1.0869
1.5477
2.0784
1.5278
1.5575
1.073
2.4046
1.0067
1.6618
2.0685
0.77638
1.6838
1.6392
1.565
3.9502
2.9612
5.5507
5.3557
2.4029
1.6229
1.9351
2.5646
1.1304
1.3263
5.0474
6.7712
5.0567
0.86301
2.2978
2.1445
2.1382
0.57503
2.3756
2.1646
0.19109
1.2778
2.3623
1.4
0.25739
2.2952
3.6259
0.45283
1.5413
2.3547
1.3672
0.41732
2.3913
2.3328
1.0035
0.86783
2.3762
2.3641
0.69236
1.3187
2.3899
2.2543
0.4266
1.9418
2.3495
2.3985
3.2986
0.46743
2.1121
2.3827
1.981
0.50631
2.3006
2.3446
2.315
1.8724
3.6087
7.0212
8.1787
9.4139
5.3246
3.0006
4.743
2.9522
3.0338
3.1383
4.6695
3.0545
4.4484
3.076
2.2635
2.4594
2.9816
2.967
3
2.985
1.7839
3.0243
3.0072
3.0392
2.9972
4.4338
1.4278
3.0429
2.5583
2.1985
3.0701
3.0647
3.0375
1.5769
2.6374
2.6917
2.104
3.0002
3.0323
3.5534
4.6777
7.238
3.3679
3.302
4.9484
2.9687
0.94272
4.991
3.6954
4.4402
5.1081
6.9543
5.5642
4.5684
8.3318
7.262
5.0038
3.0727
6.8453
2.3962
4.7169
3.037
3.305
1.9535
1.3314
4.645
1.2188
3.0144
3.5458
4.0288
0.76176
3.8701
2.8417
1.5712
3.5009
2.7941
2.454
1.8914
4.6596
2.2086
2.5873
2.1548
4.0941
2.8788
3.1029
3.644
3.7191
3.4168
2.2356
4.4675
4.3108
0.55118
4.1648
4.7761
0.73139
3.3086
3.4029
2.9705
3.0353
4.2392
5.1185
6.0733
5.2295
1.8336
1.4288
4.5996
1.7862
2.0889
2.9503
3.7619
1.1279
2.9332
4.0192
2.8605
1.1032
3.6806
2.9485
2.1574
2.1792
2.3159
2.906
0.44394
3.5184
3.1619
0.46482
3.4858
2.442
1.8101
1.9718
4.5587
1.7516
1.8562
3.3904
2.1795
3.7927
2.5905
8.5951
4.9822
7.0058
4.6671
4.6433
2.9962
3.3305
6.5689
2.7416
0.68587
2.7322
8.8487
5.8513
6.7799
6.1324
8.8264
7.2035
7.5347
3.7526
4.5717
5.1666
2.9074
4.0701
4.508
2.7546
3.1241
4.9404
4.887
2.8345
4.0203
4.6382
2.731
3.0638
4.6923
2.2524
1.8137
3.8036
3.4986
2.4505
3.1397
4.8771
3.8375
3.8648
4.5849
4.7313
1.3174
2.0531
4.8994
3.7718
2.7933
4.6933
4.4104
2.7185
4.1624
4.9234
2.8416
3.3642
4.0665
6.4893
8.186
6.7129
4.173
2.5353
7.9348
8.0798
7.2754
7.3976
9.2963
7.3029
4.2308
3.0549
5.5477
6.791
3.4726
6.1623
3.1749
3.6258
4.4111
6.2201
3.4319
1.7819
0.6495
3.4315
2.5048
1.6233
3.17
2.4442
5.107
0.50377
2.0056
1.5374
3.4849
0.95249
1.8427
2.5034
1.763
2.5907
2.9978
4.1669
1.9391
0.5252
3.5045
4.7812
2.3025
1.7993
1.2512
4.6777
3.0447
6.15
5.9887
6.7443
4.1547
2.4026
3.6095
1.8558
1.3696
3.1496
2.2405
0.82452
3.6023
1.9868
1.6801
2.5385
3.2012
1.3685
1.8207
2.8624
1.8395
1.9115
0.80471
2.9696
2.5423
0.63316
1.4142
3.9255
2.1075
0.67283
2.6674
1.8596
3.6941
0.3362
2.8689
2.6496
1.6506
0.89867
4.1061
2.0704
1.5313
1.0314
2.1372
3.2289
2.3048
4.9208
3.3904
2.0249
1.6881
2.0553
0.14794
1.5694
2.4012
4.6612
2.7343
3.2689
0.9226
2.1455
0.95499
1.5234
1.6806
2.9525
1.7437
0.68551
4.3206
3.812
4.7234
0.21019
0.48064
1.8119
0.7853
0.71171
3.3061
0.81188
0.52356
0.52366
0.48632
0.49908
0.5018
1.7898
1.9195
0.12219
0.4021
1.7601
0.15408
0.41563
0.45545
0.42618
0.42599
0.44771
0.4015
0.44672
0.42619
3.8244
4.3059
5.0831
3.004
1.3173
3.561
1.6527
2.3363
0.59498
2.0021
3.0994
4.2341
1.1377
2.0667
0.35614
4.7823
3.4779
0.33209
1.1786
1.4286
3.267
1.2697
2.1619
4.5326
0.32189
1.7477
2.0887
3.5974
0.75942
2.261
1.0527
3.6867
0.67999
3.0978
2.4776
3.0373
1.9782
0.66413
3.4772
2.4311
2.9426
1.732
2.2379
3.0432
0.39665
2.4707
2.9935
1.5503
2.3018
2.707
2.746
1.3014
2.095
6.6008
0.9955
4.999
5.2842
2.0695
2.0547
0.77728
5.6733
1.0334
0.3148
0.56823
2.6932
2.747
2.1526
2.1085
0.72911
3.4416
5.0454
5.6614
2.0979
2.7874
1.3864
6.7614
5.3893
7.7715
6.2885
2.6695
2.857
1.2716
2.5714
0.26898
1.9792
1.7328
0.33702
4.281
2.9764
5.1013
2.0142
1.8675
4.1221
1.9872
4.0405
1.2751
3.9524
3.8743
2.5659
1.8521
3.6247
2.4565
2.775
3.863
1.2336
4.1572
3.6345
3.4694
1.6114
4.2729
2.6317
1.9889
3.6496
4.9506
3.2975
3.8002
4.9651
3.0852
3.6286
4.9564
2.216
0.44059
4.1265
3.1558
2.124
2.7947
3.2852
3.9786
0.99636
5.9929
2.841
4.9344
1.2463
3.8982
2.726
4.3988
3.3345
4.4234
2.5125
3.0621
2.7177
4.3365
2.8797
4.9356
1.2608
3.2779
7.1374
7.0519
6.6249
1.5657
3.0462
4.3307
3.8464
3.0315
3.879
5.3051
0.4929
2.7504
3.6411
1.5422
2.7009
4.66
2.6716
0.95409
4.2731
1.6689
2.6823
1.6577
4.4995
3.0117
0.76256
4.8931
1.7691
2.3247
3.6877
1.8131
1.8841
0.88618
4.8534
0.70002
2.3355
4.0159
1.1765
3.0934
3.649
8.2765
2.7353
3.2604
3.1287
1.5194
3.0507
3.2301
1.1732
6.4502
7.4579
6.6174
6.845
5.2644
3.3577
3.8932
0.97783
5.561
4.0834
3.5272
3.2361
3.0177
4.8788
6.6701
4.4745
2.7753
3.0951
3.696
4.9268
3.1921
1.6102
3.3478
2.6941
3.0565
4.3824
2.9612
1.0668
4.1287
4.2811
2.9011
2.328
3.0965
2.2967
3.0939
4.0563
2.0902
2.3686
2.5302
4.5338
3.1175
3.029
3.6306
1.39
3.0561
1.8898
3.5631
1.8395
2.87
4.1001
2.356
2.27
3.7452
3.0148
3.0945
2.6531
2.925
2.8744
2.677
2.9117
0.58276
2.6532
1.3719
2.5459
4.2162
1.4447
1.7401
2.6969
1.3299
2.5193
1.2766
2.7332
1.3222
2.2671
1.6985
1.3387
1.9369
1.494
3.0595
0.7758
1.2593
3.4623
1.7293
3.1137
2.8494
3.0738
2.8023
3.2331
7.6993
1.294
1.013
2.0701
3.4279
2.9634
4.9405
2.8855
1.6702
2.573
4.6754
8.963
1.7952
3.0713
3.301
4.7634
0.28397
1.8461
2.9663
1.5733
2.0426
0.71952
5.6416
3.6016
0.40994
2.1687
2.3272
1.5768
1.2143
4.1332
0.81169
2.262
2.3367
2.6942
1.7264
1.2911
6.1156
1.1507
1.4147
3.1814
2.5944
0.61694
3.671
1.8689
3.0038
1.4139
3.6559
1.4009
3.1177
2.1363
2.8352
1.1248
2.5511
3.6925
0.61499
3.6233
4.8692
4.7127
0.63783
4.2815
3.4335
3.1172
4.0023
2.4935
3.0896
4.2874
4.4277
3.235
2.921
5.0165
3.0372
0.47268
4.5667
5.023
3.814
0.63782
4.0642
3.4642
1.7221
3.0822
3.9711
3.987
1.6695
0.89103
4.9505
2.8967
0.7032
3.4321
2.7815
1.821
2.0363
3.6172
2.4654
1.9314
2.5995
3.7596
1.7064
3.2475
4.1342
3.1918
0.69975
2.7032
0.4192
2.0914
1.201
4.3234
6.526
5.8801
5.9034
2.9477
3.2014
3.5995
3.3284
1.5577
2.2218
3.9324
2.4215
0.41148
2.5653
2.2454
2.239
0.39983
3.3446
4.1862
2.2985
0.5416
3.8671
1.372
2.3155
3.5391
2.3721
1.9363
1.2563
4.225
1.6118
3.015
3.2958
2.0474
3.4563
0.34933
3.5602
3.1042
2.6168
1.6656
2.4383
2.7956
3.1921
1.9945
4.6348
2.2029
2.5013
1.4423
4.5811
1.1524
5.4806
8.3694
1.3737
3.3519
0.61164
3.8727
1.6987
2.0533
1.3736
2.3178
3.4605
1.0752
3.5068
1.2002
3.4089
2.3224
1.6407
1.1645
2.8062
2.3737
2.3041
1.3304
3.0857
3.6829
2.2567
0.87306
1.6604
2.0894
3.2634
0.72256
3.1203
0.34367
3.602
2.9417
0.90394
1.1025
3.5811
4.4764
4.3358
4.5792
3.3631
1.5171
2.3391
0.41525
3.8595
0.35004
3.841
3.1444
5.9831
3.2826
1.4971
3.8011
1.2439
3.296
3.7203
2.6778
3.9867
3.5105
2.2413
3.6406
2.5154
3.4976
2.7861
3.1276
0.1764
2.8572
0.63314
5.0063
2.217
2.0398
1.0464
4.634
1.0691
2.8768
2.2029
3.8083
0.93121
3.8023
2.5778
2.1179
2.1431
5.0687
2.2613
1.3928
3.6158
3.4014
1.4618
3.0698
4.9544
3.8825
2.7655
4.3702
4.9664
2.7146
3.0619
5.0295
3.4133
5.9588
8.4414
7.5701
6.6217
2.8568
6.0023
5.8605
1.8458
3.3981
3.2045
3.1431
3.4521
2.7145
4.7474
3.1075
3.1139
4.3784
5.8634
1.6514
1.9758
0.93902
1.3316
3.4724
4.3597
0.50191
0.47738
1.5651
1.1139
0.40516
1.8137
1.8015
2.3144
3.1288
0.64655
2.1421
1.7356
3.0988
1.1676
2.3034
1.2743
3.1871
6.3332
9.8333
5.6388
4.5621
2.2523
5.3312
0.58136
2.2889
2.5897
5.2701
1.2716
2.7398
3.4262
0.76581
4.0663
5.9431
8.1848
6.1371
8.4479
3.7186
2.6681
3.8335
5.596
3.3327
4.077
2.9498
2.3233
3.675
3.0702
3.3153
3.2519
3.4785
1.8923
4.6359
4.461
1.1332
3.1973
4.7631
2.0519
2.5044
4.2506
2.5401
3.0448
3.3546
3.2924
3.313
2.8662
2.8041
4.3673
2.4695
1.957
4.9284
3.3335
2.9488
5.0462
2.7184
3.068
3.9066
5.1574
4.3801
5.0852
6.9598
5.9728
1.8959
4.8231
4.9824
3.399
1.637
1.278
4.2833
0.83119
2.1565
4.1835
2.0797
2.9827
4.8026
3.6769
2.9793
4.8452
2.5465
1.5866
3.0292
2.9994
0.9316
2.9945
3.6589
5.9351
1.8162
1.5857
3.1623
1.3971
3.9163
7.7419
11.062
3.1644
0.63526
1.5606
3.834
0.45627
2.4599
3.5477
1.1728
1.0649
2.0662
2.301
2.1388
1.5197
3.617
2.1729
2.8833
3.2089
3.1475
0.39788
0.75499
3.5573
0.91826
2.0865
1.2319
3.009
3.5933
1.2805
2.0559
1.5685
5.1939
1.6416
4.0874
3.6475
1.6707
2.3187
3.2609
2.7681
2.6107
3.1129
1.4945
4.4136
1.157
3.1327
1.8309
3.1157
2.5351
1.2049
2.2389
2.6971
3.7052
1.9451
1.4392
2.4416
3.0991
2.1936
1.9886
3.2284
2.9475
3.4196
5.8084
5.3691
2.8881
1.4257
3.259
3.6689
6.0495
2.8549
3.1541
3.1826
4.0537
3.9417
1.6639
2.377
3.1577
4.076
4.8555
4.858
4.8669
6.1497
4.8835
4.8963
3.3346
2.9192
3.435
5.0558
2.7762
1.4583
0.13848
3.5504
1.6891
1.5924
0.86858
3.7179
0.86743
1.9198
0.36258
3.7728
3.5998
0.89777
2.3662
0.51057
2.0619
4.3966
3.104
1.0256
1.7566
5.3944
7.3291
7.4639
3.7595
2.3815
2.9606
4.2524
3.9241
0.39591
0.47265
2.2172
1.959
2.4179
0.43942
4.0357
2.2482
1.7725
0.47491
2.9431
2.1245
1.5122
1.2367
2.7678
2.5519
1.1545
1.4837
3.2834
2.3241
1.195
3.6003
2.5694
2.6746
0.87526
3.158
2.4994
1.9099
1.7538
2.6534
3.6118
0.52105
3.5688
2.6662
2.8842
0.61941
2.8491
5.8299
6.6564
5.6943
3.8238
3.1185
1.125
3.1047
4.0338
1.2925
3.1016
0.93123
2.7131
1.5374
3.0729
0.87412
3.0499
1.5557
2.3782
3.816
3.8905
3.1138
3.1605
3.0922
3.1351
3.1165
3.1093
3.142
3.0873
3.1432
3.1227
3.1222
3.1405
3.0862
3.1383
2.7665
2.7039
3.0765
4.3775
5.3116
0.79006
1.8388
3.0898
2.8693
1.9913
1.5189
5.0132
2.0982
0.32264
2.0084
4.692
1.0022
3.3255
6.5581
3.9006
7.599
1.8579
0.93132
3.7254
0.61395
1.8961
1.2546
5.9613
0.64264
1.1945
2.9117
1.5147
3.751
3.9955
4.2234
2.0841
1.1802
5.4778
7.353
0.83916
0.47648
5.0536
2.3453
1.4459
0.65883
3.8
2.9278
0.22977
1.9492
0.26248
3.576
0.80651
1.2861
1.1755
2.0292
2.9726
0.95861
1.798
1.1705
3.3724
0.65629
1.9837
0.36637
5.111
1.1762
3.4135
2.329
1.0235
2.0079
1.8126
1.2613
2.492
0.85121
2.1191
1.8825
1.0841
2.2512
3.1261
2.5331
1.2854
3.177
3.1306
3.0942
2.1507
0.24026
2.2709
0.69117
2.1512
1.889
1.1735
2.7391
0.70141
3.1259
3.1267
3.0551
1.7344
0.25055
2.7773
0.49839
2.8651
3.0448
3.5284
2.211
0.96772
2.5483
4.1382
3.8683
0.56863
2.3961
5.0913
4.4243
6.4904
7.6642
4.9134
2.9266
6.1886
1.3665
0.094456
1.6385
2.6005
2.8392
0.15424
2.3344
0.86345
1.9349
2.1906
0.32202
2.3753
2.7664
1.9533
0.29341
3.013
1.8171
0.78439
1.4601
1.6622
4.1228
2.4699
0.14114
1.3094
2.7489
0.31258
2.4109
1.2944
2.4472
2.0134
1.8376
2.6177
1.6025
1.5386
0.71915
2.5882
2.5641
1.4407
0.67743
3.1689
1.9046
2.167
4.4771
3.8071
1.2052
4.5515
3.0837
3.0507
3.0856
3.0857
3.067
3.091
2.8251
4.4229
3.1231
3.1017
3.0877
3.1113
3.0642
3.0538
2.8157
3.0423
3.0726
3.0538
2.7589
2.9962
1.4019
2.0308
2.7952
0.41187
1.7969
2.476
5.6061
3.0969
3.0457
2.8077
2.9705
3.2446
4.3329
0.22965
3.2936
0.42641
3.4393
1.0845
6.6386
1.5561
2.5859
3.2894
2.1306
0.41583
2.4375
4.4877
3.2821
0.55616
4.2898
3.5127
0.17386
2.9901
3.1506
0.76749
2.0017
4.8037
2.0994
1.4247
2.3523
3.5497
1.4913
1.6032
3.9582
0.73877
3.2967
2.6353
2.8824
1.7234
2.4109
5.0187
1.4609
0.78733
3.9196
2.464
2.1392
3.9774
2.9487
2.9574
0.54781
4.6112
2.7911
2.5638
1.1592
4.0974
3.2645
1.7968
2.7094
3.0456
4.2847
0.72378
3.9674
5.548
6.5633
6.661
2.8769
1.6403
2.6784
1.9479
5.2208
0.5901
2.642
1.2287
4.8159
4.3618
3.9358
2.9856
0.6179
1.7604
3.1492
0.79723
1.7888
2.1735
2.5296
5.8434
4.9566
3.8946
0.97783
3.166
3.239
1.5101
1.5874
0.87657
6.7465
9.4544
5.5519
4.7711
5.1873
8.135
5.5838
0.68282
4.8648
2.4039
2.2474
4.3379
4.1457
1.149
4.9381
1.3837
5.2676
0.89753
3.0981
1.4589
1.6026
3.362
1.9757
3.8794
4.7784
3.9319
0.6218
3.163
2.2041
4.8945
3.1095
2.724
1.5708
2.6807
3.3972
2.6923
1.4687
4.6587
2.3282
2.9063
3.1056
3.6819
4.8677
2.8608
2.501
3.7105
4.7626
2.1253
0.27077
3.2452
3.1442
2.3277
3.1197
3.7429
3.2241
1.8579
2.5549
2.1322
4.9602
2.8754
1.9907
3.0958
3.667
2.2147
4.9151
0.81032
3.5347
2.9157
4.3193
6.0323
7.6825
4.8398
2.2535
1.6134
1.8903
2.8605
0.40011
1.8137
0.49434
4.0185
0.92968
1.8093
1.1102
1.8399
1.5818
2.3175
6.0554
6.2393
2.0992
0.88994
1.8649
1.8285
7.0643
7.1746
4.8385
6.4892
6.9005
8.2954
1.9206
2.1553
3.114
1.1045
1.6805
2.8618
2.434
2.984
4.4316
0.89671
1.5526
3.8286
4.497
0.49351
3.0872
1.9793
1.5846
6.7487
1.5469
4.9169
3.1699
2.7092
2.3208
0.943
2.0248
0.7256
3.7136
1.8954
4.1897
0.15045
3.1411
2.2103
1.8404
2.7306
1.3431
3.1242
0.53229
2.6934
2.2592
2.3593
0.83397
0.83397
0.83397
0.83397
0.83397
3.0841
2.4776
1.6927
1.496
1.9999
3.8693
0.62471
2.9413
0.75318
6.2052
1.2021
1.1888
1.9539
3.8132
3.3812
0.43856
1.8707
3.1383
1.5144
1.0651
3.1518
2.2834
1.5074
0.77262
4.8806
3.0752
1.7832
7.5217
2.1286
2.65
1.2551
3.1719
3.4588
1.5348
3.5276
2.1004
2.9725
0.75601
3.5667
1.8157
2.7771
3.7483
0.62423
3.2243
2.9011
2.3077
2.5174
1.5293
1.4602
1.9738
1.354
1.6837
1.1948
1.9015
3.3607
2.1358
4.0968
0.069368
3.2672
4.0454
0.073529
2.6499
3.2163
1.1643
1.5206
3.4551
1.6047
1.0624
4.2634
1.3807
2.0226
2.9142
2.4205
1.4803
1.5274
1.1082
3.714
1.5043
2.7238
1.5235
3.3233
0.10113
2.2745
2.1551
2.5611
0.61695
3.6037
2.1788
1.4867
0.85568
3.6057
1.7487
2.0717
0.28873
4.4775
0.83529
2.071
2.2747
3.1187
0.67761
2.5524
3.446
1.015
2.2005
2.6885
4.1394
2.0397
1.0747
4.1812
0.62072
2.0575
3.0758
2.6717
3.6012
2.3034
8.6174
5.587
6.8646
4.5906
6.0125
4.0701
7.4338
9.7331
7.3355
3.1733
2.9692
4.4172
3.3565
1.0837
0.5628
0.5888
0.45804
0.89675
3.8936
1.1952
1.6933
4.1706
0.92896
1.6047
1.0672
3.6198
0.91107
1.2671
3.063
1.1111
3.6375
0.37179
1.6388
0.56241
2.2209
1.4619
2.005
1.6831
1.2156
5.0559
1.1544
1.7278
1.1369
6.449
6.3973
4.5613
1.7179
0.86257
2.9238
3.4937
7.1611
5.936
3.8914
2.5149
1.1678
2.7949
0.099733
3.4483
1.0954
2.1495
7.6801
5.0589
6.6339
2.4997
2.7039
1.672
2.3648
2.6923
0.67709
2.6085
0.065686
3.6174
0.89171
2.5981
1.6445
3.527
0.90191
2.5363
2.602
1.2776
3.0361
0.83864
1.7781
2.99
1.655
1.3745
1.8124
3.8362
0.75266
2.3548
0.75229
6.284
0.097422
2.7157
2.7932
2.0546
2.0164
2.8784
4.3233
6.3944
1.6267
2.3556
4.4389
4.8067
3.0405
2.0345
4.9626
3.1371
3.1045
2.8516
1.4761
2.9305
4.2217
3.7946
2.7476
2.7651
5.3537
0.85923
0.33656
2.4652
2.0938
1.094
0.5736
4.2372
0.91204
1.2376
2.0648
3.1291
0.23735
1.6886
2.5885
2.4155
0.54455
3.9043
2.1291
1.9117
0.28759
4.3861
4.0557
1.5656
1.0663
1.8504
2.0421
1.7572
1.5085
1.8529
5.657
6.0736
1.0876
2.6225
0.53382
0.52973
2.7942
1.8385
1.2532
1.769
0.17667
3.6341
7.5836
5.0999
4.1481
1.5823
2.2002
2.0268
2.4255
3.6387
0.8108
0.3363
1.3501
2.2149
2.2665
0.17794
2.4059
1.6904
3.1092
0.15252
1.75
1.37
2.5801
1.3151
0.16276
3.2822
0.85635
1.5953
0.88166
3.0818
0.34579
1.4734
1.9621
1.9286
0.29029
2.9049
4.131
1.9329
3.3713
3.4737
3.0434
1.65
0.41821
2.382
2.3237
1.4913
0.76053
2.4437
1.1609
1.3381
2.3201
0.48836
1.7835
2.0047
1.0277
2.193
2.3307
2.984
0.25905
2.0232
3.7021
1.2435
2.4674
1.3822
1.7231
1.6434
0.88633
2.6074
1.8811
0.050862
1.6629
0.020352
2.5827
0.46207
1.1236
3.6115
3.0965
2.7913
1.7184
2.0711
0.27604
0.30162
0.58644
0.75695
6.2426
6.8189
5.1715
2.4382
1.3674
8.3606
3.9145
0.31068
4.798
0.36352
6.3909
5.5139
0.73051
1.1352
3.5997
0.54306
0.21555
2.9563
1.9373
0.66262
4.2479
1.2625
2.61
0.41054
1.5443
0.5383
3.0673
0.43494
4.1994
0.26188
2.3703
1.9351
0.98651
0.85568
1.8641
1.6244
2.2698
0.094131
1.8969
1.0405
1.5204
1.1769
1.5852
2.0864
2.4534
0.32896
1.0599
3.6591
1.8421
3.8437
3.7725
2.6035
1.5177
2.9944
1.6455
2.1312
1.8026
3.1889
0.69921
3.7952
3.0584
0.83603
3.0175
2.6203
1.7792
2.2939
3.0362
2.0639
2.0449
2.9969
3.001
3.1689
5.0425
0.79222
1.5066
3.2998
3.0658
1.95
4.6208
0.80603
1.9535
3.0269
1.7973
1.9807
4.1602
0.27284
3.6485
4.6788
5.582
6.2581
2.6532
1.3876
0.45936
1.5002
3.4494
1.7266
0.76559
2.1766
6.9907
0.22451
2.6625
1.7399
0.98543
1.1625
4.5901
1.1109
1.4319
1.8036
2.5124
0.69595
2.5394
2.1577
1.2972
1.2697
4.673
2.843
2.6815
2.6733
0.52144
1.0058
3.8678
0.40018
3.9225
5.1103
2.2576
0.35179
2.3962
2.0846
0.49528
4.063
1.3154
2.0134
1.9353
3.4254
0.9266
3.2454
2.3838
1.7381
1.2009
3.876
0.63265
3.2873
3.7855
0.27247
3.2259
4.7377
5.7173
3.6806
0.61037
2.1366
0.72003
2.9055
1.9556
1.6401
2.1564
3.1253
0.37483
1.8448
1.1244
2.282
0.31463
1.8997
1.6931
2.2953
1.8668
0.97092
2.0044
0.95715
3.1499
0.79501
1.3449
0.77893
2.5966
0.36406
2.1765
1.0407
1.4589
1.1702
1.6673
0.40118
2.4778
0.40159
2.0936
3.0951
2.3212
1.756
3.0972
2.3763
0.45817
0.56484
1.8583
1.2344
2.6526
5.9455
7.7664
3.1269
4.4287
4.9832
6.0323
0.43795
2.5104
4.0248
3.1288
0.72519
2.1696
1.4687
5.8314
3.8458
6.1176
7.9589
5.1847
6.6933
0.56954
2.3898
1.7172
4.7278
1.7007
1.5341
2.9211
1.3429
1.1304
3.4103
1.2416
2.4338
2.0705
2.1827
1.202
1.6955
2.8861
0.72869
1.7149
2.6438
1.323
1.0411
3.0331
1.0508
1.5065
2.8214
2.4772
2.2812
3.2251
1.3603
1.6063
1.7294
3.1073
0.68736
1.1609
3.4528
3.6956
5.1315
3.8998
3.9959
5.5666
1.5144
4.2809
1.8693
1.3248
3.4151
3.1377
3.6164
1.6234
3.8953
3.8983
5.6684
3.0196
2.4371
1.7627
0.53205
1.6398
2.9522
0.16102
3.0091
1.8694
2.669
3.0736
2.3253
2.0912
2.5256
1.4675
3.6958
1.838
0.22071
4.6126
6.8349
2.887
4.9096
1.9186
1.5812
1.0391
0.91251
2.3261
2.8598
1.1746
0.45141
3.7078
0.59361
1.0793
1.5221
2.3347
0.76354
0.50403
3.422
0.62646
2.1687
1.2554
3.0893
2.4061
0.080164
3.4113
1.688
0.075599
2.6357
1.7906
1.152
3.1392
1.8669
1.0829
1.0634
1.1726
3.0048
1.0661
0.44958
4.0856
1.0955
0.81848
1.5969
2.9009
0.81829
1.8097
0.99978
3.5108
0.31378
1.789
1.8583
2.2471
0.16665
2.8539
2.7318
6.7868
6.7273
2.9682
2.9637
5.394
1.1879
1.958
3.6199
2.7338
1.8221
3.1247
1.9678
3.0071
2.2889
1.7389
3.1235
2.207
3.5303
1.6427
4.7097
4.653
1.4407
1.8805
5.6856
3.06
3.0916
1.318
1.1738
1.7429
3.0244
2.451
1.3144
2.6913
2.9035
0.9999
4.4713
5.6569
2.6452
2.6527
2.6186
0.29976
1.686
4.7623
3.751
4.2779
3.5457
0.36464
2.5569
2.4193
1.6294
2.3615
1.4437
3.1978
2.0272
2.841
0.62399
1.6846
2.2708
2.1617
0.33167
3.9588
2.9042
2.3292
2.1656
0.45025
3.8984
0.9567
1.7505
2.2891
2.735
1.0045
4.2505
1.4226
1.4257
1.7878
3.6012
0.14691
2.3957
2.1925
2.084
2.4216
4.9206
2.9132
0.28904
1.9005
2.4506
2.0283
0.54004
2.3778
3.7054
0.089047
3.901
1.8809
1.5121
1.6436
3.7087
0.098666
3.5943
2.2283
0.5871
4.3551
2.5809
2.1545
4.4413
7.6856
2.9272
2.0419
1.1356
4.1497
5.2817
5.9599
5.5339
2.6869
5.8073
6.004
6.1789
4.791
4.0541
1.1675
3.1411
2.6205
0.98005
1.1084
2.611
0.48316
1.4711
2.0799
4.7881
5.699
6.9594
5.6789
1.7039
0.14831
2.56
2.7385
0.53522
1.9073
1.7931
1.4584
2.113
3.2131
4.1213
1.4783
0.30003
1.7336
2.6486
3.546
1.9026
2.7886
0.57735
3.6987
1.9122
1.5844
0.70485
2.4484
1.8708
0.4305
1.3172
2.1671
1.8551
0.10351
3.494
2.383
1.3817
1.5963
2.1513
1.5895
0.47108
2.164
2.1864
1.6923
0.28229
2.4729
1.992
1.1295
0.73128
2.0776
2.4075
2.3071
0.17202
1.745
0.58805
3.7573
1.0769
1.8284
0.46184
2.1732
2.2065
1.1248
0.73086
2.3146
7.6848
6.4008
0.61481
0.45559
1.9706
0.40918
0.45641
0.42912
0.42422
0.45625
0.40129
0.45183
0.43479
1.8109
0.45267
0.82498
1.1629
0.43249
0.42448
1.5245
0.40121
0.45553
1.3719
0.44103
0.43923
1.6968
0.44992
2.7907
3.1316
0.84065
0.44175
0.42435
1.5818
1.8758
1.4814
0.44979
2.4443
6.0588
4.7157
4.5075
3.9724
0.41399
1.5759
2.6009
2.4763
2.7266
1.0034
8.0596
7.2657
6.3285
6.1968
6.7798
3.8929
3.1105
2.1116
2.7701
0.85868
1.5177
3.2255
2.7044
2.1159
3.1172
1.7296
2.9414
0.46846
3.7651
2.1051
0.61149
2.9535
2.3369
1.6048
1.0279
3.3609
2.6237
1.551
2.9719
2.12
2.041
1.497
4.313
0.33361
2.5969
1.8342
3.0133
2.5548
2.927
3.7218
1.518
2.3138
0.70439
4.7135
1.8318
1.4402
2.0309
3.8147
0.68037
4.816
7.2009
5.6061
4.0193
1.4896
3.1024
2.32
3.6118
3.1203
0.82643
3.085
1.8878
2.0708
3.1003
3.1499
3.0929
3.9763
4.3395
3.0347
3.1059
4.4166
3.7442
3.1146
3.1036
3.9133
4.1665
3.1241
3.4376
4.7658
3.1141
3.1592
3.9457
4.5212
3.1156
3.1528
3.6127
5.2195
2.929
5.8822
2.3608
1.592
3.0637
1.6447
1.4371
0.69513
1.4759
4.4167
5.4336
2.7533
2.8471
2.973
2.8153
3.531
2.3883
2.0077
1.9565
3.7864
2.6838
1.8533
3.9077
0.67815
2.9924
2.8137
2.7796
1.3698
3.1891
3.4383
0.5548
3.0444
3.0007
2.3906
1.3751
2.7389
3.8972
0.45631
2.3083
3.4489
2.9286
2.0059
2.7239
3.3493
1.0554
2.86
3.9564
0.94703
2.5045
2.6201
3.8454
0.83599
3.523
3.0159
2.8294
1.1899
2.9796
3.2936
2.7998
4.3728
7.0893
6.2625
2.5125
9.5023
6.7614
6.7465
4.424
3.2045
5.4677
1.268
2.18
1.2476
4.5674
0.62148
1.8335
5.932
1.1768
3.0767
2.6542
4.6239
1.9455
2.0699
2.519
3.7137
1.5076
1.4298
4.7761
1.3422
2.6686
2.2236
4.9252
2.0452
1.7104
1.793
3.2111
3.2404
2.75
3.1205
2.3155
5.0651
4.7545
1.367
2.3034
3.4588
3.6269
5.9167
6.4544
6.4358
6.9753
0.91161
4.6635
2.8376
3.0613
1.7468
1.2585
4.1367
3.1973
1.2595
1.726
2.3491
1.5584
1.4888
3.7772
0.13527
2.2887
2.2928
2.8839
0.34242
3.6228
3.8689
2.9991
0.19593
4.1489
4.1631
2.8472
4.0542
4.4877
2.8284
3.4325
4.7166
3.0462
3.013
1.7008
1.3356
0.43178
2.0458
3.0063
0.18839
3.1803
2.3777
1.6021
1.9002
2.9104
2.2845
0.65989
6.3482
4.012
3.0581
1.2213
3.4892
2.1095
1.6582
2.4773
4.238
2.7825
1.1106
2.1473
2.8919
2.479
0.28981
2.7966
3.2812
1.241
1.7687
2.8193
2.143
1.3987
3.2891
2.9696
1.7375
0.58122
4.2206
1.5235
1.4664
1.4549
3.6465
0.082422
2.4782
2.9208
2.5363
0.87726
3.2926
5.3149
5.2978
3.1168
2.8496
2.3673
5.3214
2.5578
1.8315
3.2143
0.49194
2.5535
3.9878
2.6944
0.1571
3.3169
1.9459
1.5867
0.81962
3.8959
0.6231
1.7876
1.7783
5.2714
0.21874
2.39
2.8175
1.0651
1.1156
3.9831
0.74039
2.2824
2.356
2.7153
2.0631
0.42594
4.4088
1.6785
1.7193
0.47941
3.9756
1.3868
2.0133
0.99294
4.0356
1.3181
1.8169
1.2871
3.4915
1.8043
1.4161
2.2092
3.9025
0.34523
2.1676
1.9884
2.8498
1.7807
4.068
3.6236
0.1163
2.1584
2.7039
3.5837
2.6422
4.4864
1.6502
0.61977
4.7471
2.8326
1.2975
1.1792
4.0323
0.9463
1.88
0.45989
3.869
1.0671
1.5365
1.0444
3.0268
1.3899
0.42896
2.0287
2.5807
4.0121
0.43787
1.6854
0.36555
2.81
0.99993
0.43899
2.0533
0.47094
0.47128
0.46288
0.41938
0.42545
0.44731
0.44712
0.42852
0.43425
6.0751
6.1912
4.245
1.5846
0.95262
1.6007
4.1532
2.9787
0.53284
5.6467
2.0754
1.398
1.0339
2.4404
2.3058
0.12578
4.1926
4.2587
0.13731
0.31785
2.8899
1.4686
0.70756
3.1786
1.3041
1.6066
1.6884
0.31686
2.6814
2.0322
2.4092
0.4458
2.17
2.3924
1.2097
1.5884
1.0652
2.6643
1.1776
0.79909
4.5236
1.0782
1.7859
0.50551
4.2445
0.59686
1.8777
1.2262
3.4849
0.85573
2.3087
1.9604
3.5003
0.47935
3.1404
2.7053
0.97881
3.9178
0.64749
2.1615
2.4992
1.92
3.9422
4.7336
2.0607
0.63636
2.8613
1.8599
1.8734
1.8107
1.6522
4.2959
2.515
1.4297
1.9343
3.7582
1.2436
1.8059
1.5824
3.138
0.25919
2.8745
3.2167
4.6589
4.3097
6.3587
0.2676
0.50432
1.9946
4.5736
1.3288
1.7035
4.9518
2.3726
2.8819
7.2197
6.6311
6.5534
6.2334
4.7078
5.2129
4.6933
8.2399
6.5882
8.2724
5.3971
1.7134
4.2844
2.5223
0.57789
4.3621
1.6899
1.0046
3.7743
3.9774
0.84403
2.1651
2.912
3.266
2.9864
3.7988
0.49599
1.4832
3.0972
1.6557
1.7779
2.8682
7.2744
8.5454
6.6039
2.5469
2.1607
5.2353
3.1873
2.8193
1.659
3.8985
2.6279
3.0264
2.0173
4.7592
1.4944
3.7502
4.9492
2.1815
1.6417
4.4348
3.8364
2.6639
3.1779
4.1591
4.5327
4.2702
3.2102
0.76562
0.33523
3.071
1.3061
1.2671
2.4819
3.4684
1.2074
1.8046
0.7162
3.5493
1.513
1.0875
1.6384
3.3623
1.3448
1.4174
0.36935
3.5627
2.5444
5.0986
5.8881
7.7216
2.1993
3.2733
5.6498
3.9772
3.4381
3.6506
2.8098
2.811
4.2174
2.1397
5.0246
3.5332
3.5578
7.1141
1.8786
1.8176
0.80792
3.1877
3.2147
1.7382
2.6567
4.271
0.72609
1.9431
6.2846
2.0908
0.48785
2.3453
2.5831
0.1977
6.7421
3.5892
0.97886
3.1769
1.2348
3.2563
2.1623
2.1073
3.0369
3.1237
3.2279
2.7534
0.71353
4.5679
0.83808
1.8338
3.3346
1.1829
2.2938
2.6666
0.77427
3.3942
2.1804
2.8349
2.378
3.4654
2.9203
3.7613
0.99107
0.79573
3.8829
0.7554
2.8196
2.4913
1.8217
2.0527
3.5157
2.1803
5.5345
3.6037
1.2568
1.9316
1.24
0.48611
2.3449
1.3187
0.44072
2.0519
1.0844
1.8243
2.3739
0.6507
1.1589
2.3731
1.6424
0.42018
2.1815
2.3528
0.47272
1.5247
2.3638
2.0242
0.39933
1.7613
2.2169
0.39959
1.5904
2.0792
0.40387
2.0074
1.6864
0.41278
2.3048
0.86743
5.1283
4.9912
3.7929
4.412
2.8693
2.8973
1.4552
0.63001
1.7106
1.2061
2.4656
3.099
5.4556
7.0097
3.5706
2.5696
1.9085
2.9515
1.1368
1.271
2.5622
4.0527
0.63442
0.45351
5.4908
0.96738
0.80879
2.6681
0.83807
2.0219
2.2264
3.898
0.098348
2.2575
3.0124
0.5148
2.5758
2.2348
2.3046
0.44426
4.11
0.55598
2.4417
2.4256
2.1977
1.314
4.4883
0.87603
2.0709
5.9117
2.2307
0.21858
4.3003
1.8065
0.63068
4.3637
0.19658
2.9768
2.156
2.1771
7.3179
7.0819
6.3808
1.1133
3.1585
1.2907
3.8776
0.92432
3.9271
0.06895
2.4288
1.4266
3.0748
0.36991
1.7437
3.7511
2.7166
0.1219
2.3061
1.6793
1.9017
1.3559
0.73981
2.9771
0.91997
1.6106
0.43788
3.0591
0.57631
2.1714
0.067419
3.2719
0.86051
0.95062
0.89709
3.006
4.76
1.8831
2.0364
0.74179
3.6654
0.45
1.1469
0.63868
5.819
4.9893
6.6098
6.6815
7.3898
6.1131
1.572
4.5553
1.6102
1.5793
1.5652
1.3546
4.6958
0.43725
0.34244
1.7439
1.9581
1.4144
1.5513
1.5575
2.2867
1.5182
2.0358
0.80819
0.26376
3.6739
0.24792
1.6883
0.24419
3.8689
0.78384
1.1977
1.0447
3.7708
3.1137
1.4538
2.2741
3.778
0.32315
2.1835
2.4377
0.4835
2.5207
2.2392
1.2881
2.594
3.5462
0.079631
2.7553
2.0356
0.98737
1.8724
4.6117
2.5473
2.1435
2.0384
1.212
1.2089
2.5108
0.59154
2.7052
0.37186
1.819
1.9911
2.0401
2.1509
1.0294
1.295
3.746
0.75982
1.5096
3.2355
0.28022
1.952
1.577
3.018
0.13987
2.2948
1.4323
1.9026
1.2887
0.62984
1.6604
1.6225
2.3753
1.7493
1.7862
0.57286
3.2272
0.40451
1.7442
3.4033
2.9933
3.9551
3.0257
0.72835
2.0751
7.5323
6.3514
3.6766
1.2233
5.6061
5.4717
6.7503
2.1031
1.3984
0.80905
4.1774
2.1755
0.05499
1.3723
2.9297
1.7832
0.33643
1.6211
3.0015
0.91935
0.51692
3.6266
0.41666
0.26884
3.5544
0.51651
0.29839
2.1819
1.1194
2.4671
0.9335
1.9733
1.097
0.4807
3.0708
2.9678
0.064117
0.99679
2.5412
0.17748
3.2789
2.0181
1.4622
3.0128
1.481
1.0385
0.56709
2.7109
1.7109
0.10215
4.8089
2.9316
2.6119
1.5636
2.0671
0.43327
2.4034
1.4892
1.3794
2.4448
2.4966
2.2714
0.6115
2.2276
1.467
0.89052
2.3789
1.4756
1.7653
2.0941
1.5941
1.9948
0.73368
2.9559
1.5365
2.0592
0.46198
2.8376
0.72015
1.8696
2.2477
1.0989
2.4612
1.3036
2.5947
0.89118
1.9257
3.9058
3.0296
1.8572
0.21147
1.5409
2.7665
5.3265
1.4864
0.63632
2.1077
1.3881
2.8018
5.365
5.3849
5.8404
3.3433
0.17186
4.5112
1.9192
2.9741
3.5758
2.1191
0.83365
1.3312
1.94
0.54553
0.60626
3.7607
5.3786
0.60768
1.0342
1.5154
1.1977
1.7895
1.4937
0.78381
0.44791
0.35273
1.9074
0.44657
3.0525
4.3007
0.11846
2.1927
2.6563
0.16989
3.59
2.3593
0.13838
2.8985
1.0313
1.6083
1.0369
2.7427
0.99481
1.509
2.1486
0.34844
3.0142
1.2465
1.5706
1.363
2.3484
1.5617
3.7264
1.7653
7.3789
4.0349
1.3149
3.1549
3.1322
1.277
2.7717
2.7349
1.7669
4.5893
1.9268
3.0335
2.6468
3.0994
4.6096
1.1152
1.9931
2.7188
1.5531
0.86858
1.5167
2.5109
0.47592
4.1524
3.8078
0.88727
3.2637
2.6682
2.5076
3.514
3.6712
2.5219
4.1482
6.8809
3.3872
1.4349
6.1708
1.7973
1.2997
3.1612
1.6238
1.4211
0.58797
3.3791
0.49749
3.7328
2.0643
3.5771
2.3092
1.224
4.1501
1.9966
1.7222
1.707
2.6721
0.11652
3.1102
1.3853
3.1834
2.093
2.2491
2.0018
1.2415
3.3866
2.5048
2.3223
1.2498
1.7736
2.8249
1.9213
1.5027
3.5812
4.2874
0.068344
0.89714
3.2538
1.5652
2.7421
1.2951
3.4715
2.7935
1.5373
2.0728
2.2024
1.0961
3.798
0.21616
2.3681
3.0005
1.5083
1.5698
4.286
3.9694
1.187
1.7531
2.79
7.106
2.6834
2.118
3.6292
1.9951
6.3146
5.3654
3.0302
1.6121
2.8839
2.2267
1.3302
4.7021
1.9736
7.4534
3.1397
2.0012
2.9568
2.9073
3.8977
0.96317
5.3276
3.0465
3.1458
3.5626
1.2986
1.5763
0.9918
0.7018
0.65645
0.60279
1.8725
0.41327
0.46788
0.41167
0.45033
0.38528
0.12013
0.50091
2.5334
3.1718
5.5608
5.8105
0.4177
2.8738
1.8076
3.1355
0.32704
2.0504
0.83461
0.44672
0.44411
0.45084
1.8677
2.2727
0.45368
0.45264
1.9472
0.90765
0.43049
0.45036
2.3275
0.75755
0.41545
0.68381
2.4063
0.51384
0.40843
0.94914
2.3933
0.77437
0.42009
0.44417
2.3394
4.3868
5.7385
3.7909
4.6557
2.4953
3.1544
1.8402
3.199
3.5704
1.257
2.4674
3.0239
3.2069
1.354
2.5553
2.8382
3.2391
3.5119
4.8099
3.792
3.177
3.2533
2.7791
1.2693
3.1807
5.4529
1.7159
4.7531
4.4971
2.1583
2.8512
3.7251
3.1579
2.7647
0.26649
3.4834
1.7327
1.4875
2.5976
3.4539
0.7004
1.7933
3.1452
1.5806
2.0918
1.1421
2.6115
1.6506
0.58652
2.2859
3.6029
1.0967
3.7015
6.4314
7.5594
2.2898
4.7468
6.5785
2.763
0.74161
1.3958
4.9468
5.3307
5.1277
5.9166
2.5886
1.9908
1.6174
6.2988
5.3606
0.10717
2.6982
1.872
3.4891
0.94629
0.9085
0.97861
6.4484
2.9553
3.0222
1.3466
1.2947
1.2198
0.028898
0.67251
2.5785
2.2415
2.9298
1.0566
1.8649
1.0445
1.1999
1.0013
3.138
0.7199
1.5264
0.65118
4.4466
2.7097
0.044893
0.53825
4.6446
1.2053
0.36753
2.1498
2.1106
1.0772
0.91601
3.1788
3.8638
1.7935
5.0267
8.0248
4.7817
0.59807
2.4056
2.0043
0.46342
0.45231
1.7924
0.98986
0.87582
2.1085
1.5515
0.44097
0.53409
2.3336
0.44634
0.43235
1.888
0.81074
0.43921
1.5836
1.3391
0.4262
1.0462
2.0666
0.63051
1.7878
2.112
0.80268
0.4061
1.387
1.4138
0.28097
0.75561
1.8562
0.41084
0.5977
4.5426
4.2262
3.273
7.5854
6.2493
3.66
2.0085
1.7659
1.1315
2.1091
6.592
5.9255
5.5983
6.7927
5.1454
7.0242
1.3306
2.2503
2.401
1.2849
2.3622
2.9293
3.7314
0.39153
1.2599
1.0165
1.3265
1.0711
2.3286
1.6587
1.3682
1.1196
2.581
1.21
4.48
1.5754
1.2325
1.4801
1.5053
1.0944
2.2835
1.8527
2.2757
0.82788
3.3356
1.3889
0.29392
3.8502
0.70653
2.5062
0.83278
4.135
0.38976
1.9052
4.6124
1.7908
0.26816
4.8346
6.6047
6.7327
0.37425
7.3371
2.1869
0.30716
1.136
3.8739
1.9848
1.5951
0.24282
1.9728
3.05
0.6584
1.7397
3.1214
1.334
1.3159
1.2058
1.2576
0.89228
1.0965
4.6699
0.75783
1.9901
1.3739
0.41813
3.7931
3.8405
0.15482
0.42956
1.6834
0.14434
2.2463
1.3576
0.2426
2.3665
0.47801
4.2863
1.1651
4.7906
1.9042
0.6325
3.2072
1.3491
0.74525
0.41792
2.9547
1.2777
0.31693
0.60533
3.5333
6.2992
6.0536
2.1865
1.8109
2.5481
0.27571
4.3682
2.4757
0.4583
4.2484
0.956
0.37858
2.2154
1.665
2.2965
1.0699
4.6521
1.0444
1.2671
3.4107
0.77174
1.4117
3.7536
0.64491
1.9213
2.6437
1.8686
0.99121
3.3879
1.6199
1.9437
5.3786
4.2944
0.52469
0.79153
3.8435
0.95765
1.2147
2.94
2.098
1.5653
2.2886
2.6946
0.78018
5.7306
4.57
6.7951
1.8899
1.1076
3.9627
2.1183
2.2141
0.99051
3.1268
3.1624
1.8117
1.1799
1.5558
2.579
3.1671
2.5654
1.5836
1.0685
2.165
1.1886
1.4382
2.201
1.1029
1.2323
1.8978
3.1649
2.9378
1.2693
0.3183
1.3117
3.19
0.086349
0.28038
2.1321
0.38064
0.38488
0.85686
2.0235
4.1942
3.2956
1.3808
0.35684
0.59771
0.61307
0.25206
2.5204
8.0313
4.3959
4.943
5.2796
4.698
2.9648
1.4258
1.137
3.1853
0.31787
0.11817
1.5461
0.32785
3.3456
1.8973
0.11326
0.42788
2.1347
1.4239
1.0328
0.86094
2.3377
0.35887
1.116
0.97203
1.7523
0.54779
0.07196
3.4887
1.5874
0.06986
0.29938
3.3152
1.4862
0.29743
2.4824
2.761
0.78131
2.1109
0.13705
0.093332
0.73274
2.1539
1.4179
0.37445
1.4369
0.1821
2.3222
1.5266
4.2622
3.0297
3.3278
1.719
0.83563
1.563
1.335
4.0836
0.35313
1.3587
0.6793
3.1369
0.13416
1.4689
1.0488
3.0512
0.07897
2.4038
1.5652
1.2496
1.0646
2.4599
3.5985
0.61916
0.11277
2.0113
0.46521
0.54888
1.3128
0.15656
1.7274
3.5804
1.5266
0.093186
0.11317
0.098301
0.94304
0.71574
2.7499
1.6707
1.6834
0.47126
0.90902
0.52713
0.72663
1.977
0.42548
0.75567
0.48536
0.33437
2.7262
0.20831
0.21042
0.49212
0.29933
0.196
0.50638
2.7035
0.26929
0.58736
1.9884
0.281
2.0064
0.25648
0.59997
0.71665
2.0155
0.12255
0.36452
0.16673
1.1512
2.0674
0.38889
0.48063
0.19503
2.0034
0.29639
0.37565
0.33782
1.8026
0.66786
0.233
0.42018
1.5038
1.2026
0.2065
0.33275
1.1903
1.3468
0.22126
0.44592
1.5134
1.3885
0.25757
0.31635
1.5186
2.9168
1.1924
3.9452
6.8334
7.6613
0.8987
1.6145
2.0903
2.4888
0.55734
0.52548
0.54023
2.0102
0.51747
0.54402
0.56122
0.51779
0.56216
0.55165
0.65076
4.4687
1.1569
2.9917
1.1655
1.3934
0.95155
2.9891
0.72699
1.0597
3.5552
2.4908
0.7089
1.3845
1.3306
0.97728
2.125
5.0554
2.5996
1.9248
1.3977
3.3107
0.56281
0.5562
1.9574
0.56028
0.55233
0.53946
0.53616
0.54163
0.54824
0.55001
1.7034
9.3595
9.1065
4.8527
4.8376
3.1901
1.4557
2.2821
3.0697
1.5378
0.35858
3.0449
1.8919
2.0342
2.2095
1.9887
3.3675
0.29019
1.2663
3.3377
2.075
3.1373
1.5546
1.82
1.33
1.3378
2.3155
2.2934
0.35694
2.1965
3.5195
2.6323
0.96642
1.3414
3.2784
1.3101
1.7762
2.212
1.9055
2.6027
1.5941
0.91837
3.7053
0.44593
2.601
0.62579
4.8461
1.4332
0.39547
3.3206
3.4551
5.5301
2.0278
0.89518
3.3318
3.4487
3.281
3.2682
2.6873
5.7414
4.6146
3.0261
2.7446
1.9323
4.8686
4.2892
2.543
3.436
0.91739
2.104
0.56474
0.33657
0.63155
2.7448
6.1102
9.1335
7.9831
6.887
6.4108
9.8148
2.8718
0.28289
1.173
1.4376
4.8461
6.7029
3.1436
5.3128
3.4038
2.3784
1.7918
1.8086
5.3172
6.8891
2.2938
0.62285
0.39152
3.6306
1.0509
0.38213
0.23631
0.73376
2.1878
0.45468
1.8969
0.49216
2.0897
0.46051
3.0566
0.52024
3.1397
1.3017
1.6605
0.67567
3.1446
1.6506
1.4612
1.1239
2.3223
2.7131
1.6124
0.25857
3.7244
1.0517
2.7796
2.9641
2.2497
0.27648
2.3655
1.6505
2.3325
2.351
2.4908
0.35035
2.1442
1.9694
1.0189
1.34
2.754
1.5566
4.7293
8.3968
6.7119
0.72505
4.162
8.2666
5.6026
1.0788
4.8913
3.0673
2.1025
0.45774
2.6179
0.53532
2.275
1.8551
2.3315
3.1056
0.45757
2.6669
0.90475
2.3287
0.47906
0.44831
0.58189
2.4189
0.6478
0.54478
2.1583
3.1919
0.57879
1.6415
1.0262
1.7503
0.63815
0.64315
1.5165
0.90714
5.5839
3.7855
1.8259
1.8854
2.6021
0.34996
0.37867
2.0039
0.62738
0.28135
1.7992
0.75826
0.25568
3.0839
4.975
2.0281
0.56544
1.4211
0.36642
2.3056
4.2962
4.9404
3.5623
0.30632
1.8142
0.51151
0.13446
1.8866
0.33228
3.8867
1.7514
0.29232
0.27967
0.26547
1.1431
2.3445
1.4786
0.33824
3.8884
0.62077
1.6736
1.1571
0.52994
3.0463
1.0191
1.9414
0.1429
0.90087
1.584
1.3221
1.911
0.47662
0.79796
1.3169
1.6951
2.4444
0.056097
1.068
3.5902
3.5591
1.9338
3.6528
2.164
0.56271
0.99963
1.2712
1.8103
1.1301
1.4218
1.6635
1.9435
1.8923
0.7499
0.94749
1.119
2.9854
0.16258
1.3299
0.38142
3.4164
0.34418
0.37669
1.4209
1.7497
3.0244
0.061848
0.41701
1.8968
1.5709
1.9967
0.029486
1.5981
3.9672
0.33814
2.2237
1.0897
0.66512
3.1453
0.95939
0.37105
1.4201
1.2544
1.6773
0.6729
1.283
1.703
3.1678
5.2639
4.2673
3.0439
1.5744
2.2114
4.4248
1.2267
0.43231
0.27911
3.2276
1.9929
1.8699
1.9128
0.44208
2.5766
2.8421
1.1193
0.50313
1.3113
0.50707
1.518
1.8729
2.8081
2.7704
0.34708
0.42536
1.0871
0.87589
2.2348
1.2795
0.50568
2.6346
0.37627
3.3742
0.22445
1.6026
2.4149
0.027478
0.64727
3.0003
1.1277
0.91802
2.4448
0.038133
1.4072
2.2429
1.2813
1.1758
4.2424
5.4024
6.2746
2.4817
1.6862
3.6034
0.9138
1.3968
4.1509
0.43214
2.4587
4.1103
1.7911
0.49559
2.2628
4.4659
1.0363
2.4732
3.0329
4.0629
3.6937
0.62636
0.28438
3.0413
1.7748
1.6617
2.9831
1.8466
2.0052
2.6823
2.1841
0.44246
2.8195
2.1746
2.5432
0.29152
3.1384
3.0665
0.67031
0.34997
1.8798
3.2244
0.61615
0.57047
3.7748
3.6127
0.56423
2.3543
8.7183
5.9055
6.0384
2.8999
2.307
4.5593
0.71931
1.5768
0.52502
4.4874
3.2358
0.88279
2.228
1.5038
0.28195
3.6207
0.54966
2.1328
0.36727
1.4027
2.6279
1.2845
1.6555
3.1318
4.1258
2.9355
0.19864
1.987
1.2452
0.70279
1.437
0.97969
3.032
0.95136
1.774
0.57482
2.0702
2.0783
1.0393
1.1421
1.2738
2.5001
1.6306
1.6274
0.16748
3.2462
1.0831
4.1413
6.1063
4.2178
2.1949
1.0305
2.3688
3.321
2.8139
2.3251
0.91621
2.3497
1.987
3.4313
1.2406
3.0585
0.50469
2.2331
3.0911
2.6852
2.1267
2.8684
3.0484
0.52267
3.2127
0.71469
2.5824
2.9733
2.0665
0.87815
3.0315
1.9215
0.22953
2.9128
1.0452
4.2178
3.0289
0.42333
1.2617
2.7786
5.5976
1.4873
3.2755
2.0313
2.6198
1.1227
1.7382
1.614
7.8739
4.4814
5.5567
5.0934
6.3199
6.2683
1.6152
2.3235
1.4046
1.8391
2.3731
0.42097
2.0843
4.0428
1.8314
0.35505
3.6103
2.5457
0.3047
1.999
3.0767
3.2445
0.062104
2.8884
1.7141
0.92002
1.3037
3.1762
0.17929
3.616
3.6545
0.79598
0.73395
3.4551
4.3037
0.46274
0.43509
1.4268
3.0579
0.22825
1.3323
2.4784
0.40944
2.0686
2.027
1.5577
0.41398
3.452
0.49791
1.7113
3.1312
6.9273
7.0246
0.38384
3.7459
1.7079
3.0756
2.4003
0.44065
2.2509
1.1193
1.5388
3.7533
0.84087
1.9957
1.8728
3.0192
2.6938
2.7216
1.8036
0.41954
1.891
0.93402
1.9534
0.73196
3.0176
0.34677
2.1129
3.0661
2.8404
2.7087
2.6815
4.0736
2.7133
2.3948
2.7055
2.4157
2.6708
2.687
2.4092
2.6514
2.3621
2.6677
2.3701
2.6697
2.4003
2.3843
2.5259
1.0294
2.0164
0.27414
0.29144
4.5806
2.8049
0.56614
0.45209
0.46184
0.43149
1.4407
2.0866
0.28083
0.47076
0.46179
0.43745
1.9406
0.74073
0.30986
0.43774
0.48576
2.0329
0.63043
0.48014
1.7952
1.3821
1.3587
0.42271
0.47309
2.0214
0.76072
0.47245
0.69281
2.1931
0.46272
0.40749
1.1552
1.6549
0.43136
0.43293
1.7717
1.5717
0.39647
0.43353
1.9438
1.1273
0.43697
0.85291
1.9763
5.0401
9.0161
4.254
3.291
0.53586
2.9267
1.5952
2.0118
2.2522
2.3319
3.0464
1.5169
1.0706
0.2655
2.5551
3.8815
4.2719
1.8374
2.6429
1.7159
2.9797
0.66149
1.4381
1.7306
0.1505
2.968
2.2715
2.5926
1.7386
2.9339
2.7923
2.0206
1.819
0.42066
0.43174
0.43735
0.43388
0.39699
0.43272
0.43408
0.39775
0.43401
2.2568
3.3436
2.1163
0.42758
2.6879
0.64732
6.7857
4.4601
2.515
1.5033
2.5984
2.5701
1.3638
3.0748
0.16879
2.089
2.1468
1.6455
2.0603
2.4676
1.6412
0.26739
5.4431
1.0759
0.99638
2.1219
1.8724
1.8112
0.14799
3.2941
0.98408
3.1674
1.1188
2.7407
0.82302
1.7812
3.1508
1.1493
0.86673
2.9874
1.1567
1.8182
1.8511
3.6394
0.058121
2.2602
1.8762
1.977
0.67343
3.197
3.1627
0.13873
1.5549
2.5314
0.11296
1.7006
5.2072
4.4004
2.3811
2.864
2.5463
1.9578
1.6022
0.75944
2.7378
1.914
1.286
1.6477
1.0997
1.5861
1.6717
0.82857
2.554
1.9629
0.090988
0.46042
2.2228
0.34542
1.4148
0.045756
0.057732
0.073462
1.009
4.304
0.84472
1.1971
0.99794
2.3315
3.4161
0.62327
2.3781
3.5639
0.31258
0.083194
0.17349
3.0329
0.082468
0.10813
0.099227
0.23386
0.30355
2.801
5.6162
2.446
0.36065
1.428
0.80747
0.24801
0.27332
3.0607
4.3965
1.8784
0.64813
0.066034
1.1275
1.7841
0.07239
0.12429
1.0217
0.060964
2.7171
2.0424
1.0872
0.47141
0.066413
2.8091
0.72525
0.037942
2.0282
0.76091
1.424
0.33396
1.2052
0.06506
3.3785
1.0189
0.2296
1.4414
1.1345
1.5422
1.0432
0.14619
3.5544
0.61194
0.97377
1.3214
1.8533
1.4959
0.064833
2.0726
6.729
6.0951
3.6695
2.1128
0.85114
3.2725
0.032339
0.5676
1.9924
0.042617
0.18372
2.0027
3.2428
0.6988
0.20733
0.16406
0.0878
0.079132
1.0166
5.4403
0.24378
1.512
2.5158
2.6517
0.17982
0.12664
1.4763
0.059779
0.073592
0.0996
0.085586
0.12435
0.13126
0.11576
0.14417
0.14318
2.1167
1.7156
1.5004
4.7857
0.59472
0.22496
0.23908
0.27675
3.7641
3.2552
3.3321
0.18112
4.1913
2.7067
1.2341
0.069386
0.06261
1.5452
2.924
0.5114
0.08854
0.11635
0.13915
0.10736
0.087763
1.4434
0.11688
0.085863
0.10207
0.11605
0.096719
3.5767
1.0008
1.466
0.56694
0.074981
2.4189
0.70351
1.1806
0.061462
1.3571
1.4829
0.061958
1.1028
3.7409
0.062117
0.033091
1.7398
0.2332
0.03656
1.678
1.5211
0.24541
0.98184
0.15849
1.9159
0.035314
0.2489
2.5667
2.9282
1.4261
3.1398
0.73495
0.05308
0.034658
0.06048
0.063688
0.040843
0.037889
0.062208
1.3502
0.028906
0.061632
0.050702
0.027393
0.06072
0.044707
0.030868
0.060229
0.031784
0.042766
0.059811
0.015048
0.059792
0.04686
0.028168
0.060582
0.015462
0.059881
0.047197
0.027781
0.059958
0.015486
0.059774
0.035579
0.039136
0.059661
3.7176
3.3995
1.0929
0.21366
3.8176
0.91374
1.5074
1.484
7.5168
6.9744
5.3822
4.3821
2.7554
1.6283
3.365
1.1664
1.3417
1.9763
1.0402
1.2846
1.234
0.47041
0.39761
2.89
1.7134
0.75271
1.1315
0.088134
3.9694
1.9552
0.093938
0.40198
1.0004
3.3618
1.124
0.43369
0.31539
2.2669
1.3817
0.063184
1.572
0.82038
2.8895
0.077116
1.483
1.2293
1.7556
2.156
2.1343
0.15502
3.6945
0.57196
1.0942
0.90218
2.1503
4.2954
7.3459
6.7551
3.0798
3.2822
0.5654
0.4249
1.7583
0.20609
0.23765
0.39005
0.1963
0.40533
0.39777
0.23108
0.43825
1.5659
0.3962
0.43922
0.31552
0.31543
0.40932
0.4426
0.29777
0.51432
0.24987
0.43504
0.45016
0.41746
0.21908
0.44242
0.42182
0.4193
0.44224
0.42024
0.41594
0.44093
0.14859
0.42202
0.35066
1.7155
0.55736
0.65212
1.4945
3.3704
2.3024
0.30001
0.48764
0.54707
0.19509
0.28806
0.37499
5.0528
6.339
4.0911
0.42169
1.8047
0.36543
0.48296
1.6881
1.6434
3.8453
4.7635
4.2704
1.5647
0.15861
1.622
0.77549
1.9458
2.8638
0.092561
2.1466
0.18875
1.1703
1.3466
0.13814
2.7907
2.1717
0.15632
0.44841
2.636
1.5284
0.97827
1.3086
0.86551
3.2533
2.203
1.6197
0.55172
3.852
0.098902
2.6997
3.3765
0.103
1.2208
2.8975
1.7974
0.51821
3.0383
4.0289
3.2508
1.7383
0.74806
0.43134
0.43009
0.41459
0.40802
0.44006
0.43613
0.39056
0.43322
0.82205
1.349
0.43064
0.43147
0.38753
0.43324
0.43432
0.39212
0.43059
0.41221
0.39827
0.4295
0.39674
0.41965
0.43292
0.38745
0.43319
0.41931
0.40442
0.43152
0.39012
0.42869
0.42648
0.39082
0.43085
1.2158
1.4399
0.70032
1.1136
1.263
1.6931
1.87
0.49434
1.2082
2.0837
0.90374
4.6753
5.5302
7.4468
0.72389
0.37809
1.8889
1.9184
0.72381
1.7566
0.33149
0.30139
2.0973
0.054891
0.94546
0.71069
2.5769
1.1961
0.13017
2.5613
0.11483
1.5684
1.6935
0.58208
0.40412
1.5368
1.5793
1.5556
0.765
0.062844
1.8169
1.8074
1.6017
1.9214
1.3531
0.43936
0.17579
1.1725
2.4331
0.27428
1.4675
0.41139
0.51918
2.5399
1.188
0.23567
2.3496
1.4437
0.20723
3.3005
5.1813
4.9112
6.7088
2.2176
0.42097
0.39711
4.3463
0.43917
0.40061
2.0527
0.43759
0.51264
2.8896
0.062682
0.17351
1.8572
3.176
0.4381
0.399
1.9825
1.2715
0.024858
0.21416
1.9815
0.47483
0.043726
0.062818
0.7451
0.66171
0.1106
1.4741
0.42284
0.080109
0.33073
1.3459
0.36925
3.7617
0.45895
0.34293
1.8225
1.1445
0.7377
2.5357
0.20559
0.1041
0.20296
1.1158
5.3428
4.8495
4.7999
4.7354
0.39158
0.941
2.201
5.7206
5.5118
5.3859
5.0268
1.5477
3.4911
1.1917
0.28176
0.36745
0.56693
1.4357
3.4848
1.8726
0.18469
0.13497
1.7447
1.1325
1.143
1.6862
0.26913
0.033859
1.8529
0.30943
0.0547
2.1247
0.25031
0.20043
2.1609
0.13289
0.24407
1.7918
0.5949
4.7391
0.70219
0.40181
1.8955
1.0451
0.40133
1.825
0.44427
1.1223
1.2744
0.43932
1.4363
1.5152
2.696
2.5778
1.997
0.45186
0.48767
0.48606
1.8182
0.48418
0.48586
0.44541
0.4797
0.48439
0.86823
2.8623
1.2795
0.20735
0.98941
1.059
0.11568
0.53514
0.75704
0.54292
0.5433
0.55204
0.18421
0.26927
0.54591
1.4549
0.69286
0.33916
0.14734
0.46105
0.31966
0.11716
0.45216
0.31311
1.4009
0.2946
0.37778
0.076367
0.2936
0.1844
0.072073
0.26122
0.08739
0.29159
0.13831
0.38724
2.1139
0.68421
0.11464
1.8003
0.053931
0.46643
2.285
3.4443
0.5211
0.58386
0.29593
0.65039
0.45988
0.23887
0.55571
0.22719
1.3261
1.7088
1.3781
0.43983
0.27076
0.96555
1.2237
0.10238
0.43679
0.77783
1.8134
0.072138
0.34397
0.12226
1.83
0.82978
0.44399
0.41569
1.1042
1.5606
0.44437
0.41708
1.1638
1.8407
0.44313
0.40929
0.49482
4.0217
0.71027
1.7429
1.7627
2.6748
0.91895
5.4444
0.47007
0.411
0.59714
0.27836
3.4856
0.48584
0.42004
0.53859
2.0448
0.50711
0.9056
5.071
6.4352
5.3214
0.51071
0.19565
1.3624
0.76951
0.28345
0.34762
0.42798
0.43398
0.45497
0.66739
2.2041
0.16523
1.7514
0.44655
0.51651
0.63996
1.1089
1.7273
0.46884
0.47834
0.14995
1.6114
1.0549
1.5167
0.19133
0.98598
0.24627
0.22174
0.47167
4.8978
5.3314
5.0119
4.8063
0.96569
0.067658
1.6919
0.043536
0.043098
2.1477
4.8562
4.8339
1.2212
0.19272
0.16043
0.21986
1.7437
0.1676
0.10473
0.073436
0.052518
0.048613
0.073102
0.052299
0.24255
0.05091
2.4108
0.89799
0.048043
1.6976
4.843
0.44576
2.205
0.67437
2.4379
1.9656
2.053
0.47895
1.7762
1.0862
1.2697
2.6999
2.7568
0.44244
1.4872
3.093
0.68889
0.39342
1.7688
5.1392
2.6314
3.3062
0.61879
4.9837
0.94958
3.1786
3.5955
0.3645
1.7574
4.0112
4.3774
3.1958
2.6175
3.8443
1.383
2.0882
2.8381
4.9634
2.2631
1.2295
2.5523
0.48177
3.3473
2.593
1.4786
2.2166
0.94442
4.2895
0.59606
2.9711
0.79028
1.719
2.5771
3.5991
1.1691
8.1872
6.8173
5.6489
1.7562
1.6805
6.8244
0.78457
1.2481
0.49906
2.9171
5.3114
7.5661
5.3552
5.5481
2.1207
4.3666
2.0089
1.7849
2.7663
0.36942
2.7462
0.56468
0.57903
3.2361
2.1361
0.6697
1.7927
0.43597
1.7304
1.2936
0.44254
0.70385
1.6201
0.2739
1.3688
0.21783
1.5238
0.78112
0.78098
1.3039
0.37958
2.021
0.39393
0.44594
1.4988
0.050934
2.2539
2.3628
1.4525
1.6382
1.4355
1.2048
2.431
0.24225
1.5587
0.26556
1.6542
3.6124
1.9748
5.0111
0.79609
3.7597
0.5775
1.6483
0.7619
0.57168
3.7864
1.787
1.5024
1.3709
1.4135
4.0976
0.74102
0.02728
0.21631
1.5212
1.7911
1.0357
0.56151
1.7234
0.17081
3.1063
0.64027
1.6622
0.79309
1.6627
2.5328
0.55943
1.483
1.9851
2.5571
1.2538
0.98662
1.5625
0.050162
1.3179
0.64601
0.49114
0.9855
0.55282
0.54886
0.32145
1.4181
1.0513
3.8236
0.498
0.47148
3.7406
4.9271
5.1265
0.51322
1.7199
1.7235
0.40383
0.063322
0.45988
0.59504
0.69907
2.3444
4.8071
5.2748
5.2398
6.6883
2.412
0.98732
1.9617
0.60516
1.4928
1.3106
0.34628
0.34916
2.0377
0.80607
1.9686
0.44317
0.44672
0.39934
1.0401
1.7846
0.40371
0.44259
0.42336
1.9946
1.0479
0.41314
0.42819
1.3342
1.4691
2.2101
0.39996
1.9267
1.0652
0.45163
0.95356
2.9419
5.9032
2.5084
2.1286
1.5705
0.44665
1.8907
0.40705
0.43521
1.4169
0.39545
1.6304
1.7786
0.75138
1.1121
0.42741
1.4643
0.43978
0.92002
1.1076
0.44303
0.40382
1.8383
0.44242
0.3932
1.3081
1.2417
0.41338
0.44635
0.41618
1.0474
2.9316
0.19267
0.35265
0.43895
1.7412
0.44651
0.42728
0.46817
0.34629
1.4122
1.7494
1.124
0.55921
0.51206
1.6513
0.44242
0.62246
5.2794
5.2233
3.2492
0.49044
0.45774
1.6223
0.40691
0.53201
0.52852
0.46491
0.45446
0.47122
0.44927
0.42861
3.016
0.34603
0.10361
2.7378
5.0186
1.4547
0.46107
1.7593
1.9117
2.0577
0.50915
0.48751
1.8472
1.5846
2.7986
1.2249
1.6585
0.4461
2.5476
2.0333
0.60388
1.5942
0.5149
1.746
0.40262
3.4308
0.44403
1.7482
0.44158
3.0177
2.0425
1.431
1.1866
1.635
3.4987
0.8908
3.7383
0.69371
0.40636
0.43724
0.43582
1.7705
0.4225
0.43775
0.40232
0.42814
0.43849
0.39424
0.61003
0.40417
0.48931
0.4014
0.45123
0.40005
0.44122
0.41856
0.41979
1.7639
0.40974
0.43471
0.4051
0.43427
0.88082
1.9942
0.41396
0.4155
0.42386
1.0197
1.7697
0.39865
0.44253
0.39736
1.8847
0.70049
0.42668
1.7421
0.98973
0.44013
0.42583
2.347
0.39345
0.40984
3.2917
5.7995
5.2267
5.6067
4.2254
3.1202
2.6209
4.1413
1.8243
2.1596
2.2872
3.378
0.8363
3.8639
3.6676
0.67488
1.9977
2.2209
2.5112
1.811
0.93679
6.5264
3.8612
3.0578
1.3838
0.55453
4.4321
1.2663
2.6139
1.4197
1.0549
3.6416
0.80969
1.8993
1.529
0.9285
3.4431
1.2191
2.0005
1.5486
0.99883
2.0388
2.0643
2.356
1.032
2.7205
1.2856
3.5241
5.0497
5.3066
4.6523
0.88095
1.5643
1.1256
0.93357
2.9517
0.89939
1.0225
1.4871
1.2986
0.95282
1.8646
1.4114
0.98318
1.5063
0.65967
2.1572
0.44596
1.5877
2.3876
1.3471
1.6195
0.41795
1.5266
1.4864
1.7913
0.91313
1.4593
0.49233
1.4116
1.8562
0.6246
1.4578
1.592
1.376
2.1246
3.6044
2.9257
0.68755
4.2366
2.7517
1.4919
1.2076
1.9086
5.3854
5.355
4.2941
4.6966
2.3893
2.9148
5.7187
1.9259
0.68064
3.4305
0.98511
1.4431
1.0277
2.7175
3.3936
0.57763
1.4193
0.93351
2.075
2.0987
0.27948
1.7125
1.3028
1.7119
1.7079
2.0541
1.2734
0.91579
3.258
1.0423
3.0343
0.57797
3.0604
0.84737
1.5026
2.5748
1.655
1.6595
0.83248
3.2668
1.5151
2.3258
1.4449
0.69076
2.1901
2.5573
2.1571
0.414
2.5168
0.99977
3.8982
0.97026
0.11768
6.2683
5.4921
3.8664
2.465
3.5231
0.63597
1.2322
1.8535
1.0671
0.35672
0.13841
0.44088
0.17284
0.39824
0.44193
0.15931
0.44244
0.44007
0.39737
1.8352
0.43023
0.40975
0.4446
0.41717
0.42547
0.4451
0.3985
0.44469
0.4348
0.40227
0.44531
0.41342
0.42806
0.44405
0.39647
0.44168
0.4205
0.29715
0.38967
0.39213
0.43824
0.42467
0.40707
0.43941
0.3937
0.44122
0.42521
0.41043
0.44309
0.39691
1.8194
0.42446
0.41612
0.44619
0.39979
0.44708
0.41097
0.43497
0.43756
0.40698
0.44483
0.39962
0.44585
0.4041
0.44148
0.4233
0.42111
0.43912
1.3324
0.58221
0.39885
0.44265
2.0244
0.44281
0.39757
0.44508
1.8658
0.43459
0.41315
1.5812
0.42396
0.41069
1.6149
0.48006
0.62928
1.7028
0.43905
0.84182
1.7797
0.39595
0.44534
1.4382
0.44545
1.6427
0.45057
1.8616
1.5495
0.40562
0.81225
1.2082
0.4283
0.42281
1.3217
0.42768
0.41558
0.43354
1.1916
0.43616
0.40607
0.4416
2.577
1.2344
0.39874
0.44516
0.3989
0.44542
0.39862
0.44388
0.39712
0.44359
0.76874
1.0252
0.39799
0.44721
0.405
0.44352
0.41076
0.43243
0.41839
0.42293
1.339
0.43946
6.4898
6.7699
7.6354
3.6486
2.8635
5.2667
2.1725
4.9749
1.8422
2.3081
5.7645
0.42941
5.6529
5.2854
3.7858
4.0976
1.3259
1.2689
0.16433
1.745
3.3222
1.2473
0.97996
0.14312
1.1556
1.5699
0.7317
1.3455
0.057358
1.3001
0.7517
1.6098
1.5442
0.031992
1.2199
0.53147
2.2114
2.6872
0.048291
1.9062
0.20173
1.4381
2.1897
0.1403
2.0173
0.049688
0.52566
3.5695
0.045646
0.71561
2.7872
0.080574
2.2083
0.19431
2.4635
1.0616
0.025491
2.1544
1.6662
0.49734
0.70272
6.9713
2.4569
0.28743
4.6844
0.64983
1.5369
0.3937
1.7938
1.8229
1.2773
0.61448
1.3388
2.8811
2.9579
1.2413
0.77751
0.38649
1.318
2.1426
1.5788
0.48415
0.4797
2.2564
1.4217
0.3437
1.78
0.54626
1.4561
1.0508
5.1252
2.0143
2.2273
0.43068
0.46976
1.2824
2.0505
0.46219
2.6776
0.43698
0.75927
3.3919
0.43486
0.464
0.47317
1.8849
1.5611
0.47476
2.3796
3.5775
1.0407
2.2611
1.8673
0.88335
1.6992
1.8835
1.492
6.2622
5.3522
7.2128
5.102
0.50517
3.6176
0.18693
0.51199
5.5103
0.065517
1.4597
0.29326
1.3444
0.7157
1.0791
1.5741
0.70978
3.2407
0.52077
0.39499
2.8038
0.02997
1.6658
0.063226
1.7446
0.43847
2.6002
1.0327
1.7891
0.54412
0.12888
1.0866
0.98726
2.524
0.35988
0.79132
4.6052
1.1961
2.5238
0.50837
0.30601
0.39831
0.43873
0.1878
1.7822
0.32504
0.40178
0.4085
0.42694
0.44102
0.43216
0.40967
0.44256
0.44267
0.40196
0.43262
0.27615
0.40832
0.42251
1.9053
0.39649
0.50194
0.40449
0.45259
0.43787
0.40574
0.44877
0.43437
0.43218
0.43525
0.4444
0.44165
0.44493
2.2
0.89531
1.6525
1.6179
0.42502
0.49886
0.43577
0.4597
1.8949
2.36
0.69518
2.5198
3.8768
1.0403
5.3077
2.8204
2.4998
0.45533
3.1099
2.8797
0.22991
0.21906
0.61097
2.4219
1.0436
1.3326
0.19263
2.1362
4.16
0.71934
0.25374
1.6836
0.051164
1.7854
1.8685
0.047058
2.005
0.41669
2.0686
0.084342
3.7596
3.091
0.06479
0.26383
1.6146
0.092879
3.3392
0.83969
1.6784
0.3996
2.0534
0.73142
2.4325
1.8917
0.060524
1.7759
0.44052
2.4736
0.72582
6.4173
1.9507
2.4338
0.056322
1.4821
0.062766
0.3459
1.53
1.1163
0.78514
1.3632
0.43003
1.3364
0.036794
0.15994
1.6516
0.042541
0.74193
0.9497
0.42794
1.3114
0.44235
0.42944
1.9692
0.3738
0.052222
0.24613
0.24217
2.6088
0.023888
0.25527
0.64326
0.7112
0.36067
0.059069
0.2993
0.44554
0.28182
0.89242
0.11072
0.40649
1.3568
1.8971
2.2533
0.17923
1.0336
4.8686
4.8723
5.1428
4.9316
4.2695
0.46658
1.4718
0.92305
0.30847
0.35967
4.3811
5.7483
2.5412
0.18693
2.1849
0.33327
0.32371
0.54383
0.43891
0.0798
1.8829
0.41893
0.44876
0.44686
0.40669
0.21114
0.17921
0.41847
0.42744
0.44589
0.42708
0.41623
0.44492
0.43524
0.40747
0.44526
0.44603
1.7782
0.44671
0.44282
0.40251
0.44568
0.44007
0.40431
0.44133
0.42741
0.40488
0.43799
0.4159
0.41202
0.56403
3.8463
2.7826
0.50235
0.42169
0.41609
0.44102
0.41887
1.7892
1.3832
1.0934
0.42973
0.44001
0.39498
0.43984
0.91747
1.5343
0.44183
0.4086
0.43478
0.44339
0.39548
0.44017
0.42095
0.41469
1.7504
0.39609
0.44047
0.43547
0.40713
0.44418
0.41062
0.43098
0.4448
0.399
0.44533
0.42927
0.44304
0.54263
1.7679
1.8931
2.7055
0.54317
0.49354
0.22584
0.50193
2.0538
0.29011
0.67006
0.62998
0.60202
1.2383
0.32485
0.41688
0.11146
0.36042
0.26486
2.5861
5.2198
2.4147
0.81513
3.856
0.62689
0.52476
0.66963
0.37096
0.52899
0.44217
3.6912
0.75972
0.48109
0.61544
0.49888
0.44639
0.43932
0.39978
1.9644
0.11621
0.40836
0.44513
0.42541
0.41661
0.4476
2.0381
0.29098
0.36715
0.62602
1.5254
0.44248
0.4559
2.2071
0.43897
0.396
0.44071
0.42247
0.4084
2.1048
3.9453
2.1575
0.54731
0.56706
1.7232
0.43414
0.43993
0.40853
0.42581
0.44054
0.40311
0.43139
0.43954
0.39407
0.44102
0.43513
0.39996
1.8002
0.54949
0.54572
0.75258
0.5437
1.3951
2.8099
0.66277
0.45025
0.49198
0.52634
0.54993
1.631
1.0295
2.9997
3.3652
0.9022
0.69631
1.9231
1.2253
1.3886
2.1321
0.50353
2.3751
4.2433
3.3298
0.49908
0.53604
0.5281
0.49363
0.52936
0.5131
1.1833
1.1646
1.7619
1.5545
0.44156
0.44943
0.5176
1.5337
7.3907
1.0052
0.53653
0.56948
4.1265
5.2468
5.3699
2.3819
0.46654
2.1118
3.2209
0.52031
2.6737
2.8721
2.7391
1.3834
0.46324
0.43068
0.43217
2.4481
1.5411
0.58796
3.1085
0.46313
0.41774
2.6188
0.077658
1.239
2.8455
0.47909
0.49205
1.7369
0.78172
1.9991
0.43934
2.0755
0.4026
2.3776
0.44755
1.6053
4.5266
2.6953
2.2018
0.60868
1.6198
1.9389
0.36376
0.60965
0.5257
1.8259
0.23164
0.45801
0.49021
0.48557
0.44478
0.4885
0.49056
0.31446
0.33782
0.51781
1.8563
0.52874
0.50328
0.38096
0.31629
0.49674
1.1551
2.0651
0.214
1.3442
3.7028
3.2533
0.48625
0.25173
0.09305
0.37372
0.38205
0.075249
0.070101
0.32725
1.4632
0.55024
0.048831
0.083161
0.44755
2.7464
4.9281
3.479
3.6067
5.1524
4.8182
0.029831
0.20244
0.19342
1.5921
0.42796
0.13941
0.076922
0.41799
0.09096
0.23984
0.19684
0.095279
1.8246
0.023969
0.37056
0.099157
0.28173
0.19334
0.18383
0.41546
0.046709
0.29079
0.41787
0.42931
0.20687
0.031376
0.3277
0.3808
0.026084
0.31185
0.35161
0.016538
0.42172
0.44483
0.40239
1.1086
0.58915
0.33903
0.31981
0.056493
0.43403
0.11968
0.30899
0.44374
0.045116
0.49135
3.4354
5.3299
2.6739
2.3536
1.395
2.6556
0.44288
1.3097
2.1545
1.1322
2.3557
0.22798
0.045304
0.18589
1.7284
0.043311
0.24384
0.19026
0.046578
0.17984
0.23483
0.052191
0.1013
0.25492
0.061456
0.087166
0.39839
0.44651
0.34899
0.027227
0.063237
0.040106
0.038803
1.2599
0.2216
0.16849
0.28244
0.015243
0.063531
0.057204
0.11346
0.25935
0.044716
0.033577
0.16027
0.70871
0.76747
0.64614
0.58585
2.1587
5.139
5.0052
1.3908
2.2345
0.11994
0.39327
0.20765
4.6853
1.9702
2.8932
6.4702
6.6572
4.4223
0.19741
0.48008
0.57661
1.8393
0.1398
0.17549
0.5573
4.4874
0.2194
0.26698
0.45675
0.19243
0.21543
0.45062
0.44841
0.44711
0.44605
1.0819
1.9292
1.1444
0.14624
0.44857
0.44882
0.44836
0.44412
0.67206
2.3201
0.15199
0.27041
0.68979
4.1074
4.377
3.7253
0.57686
0.4423
0.44385
0.44257
0.44183
1.3113
0.9497
0.4309
0.59235
0.34755
0.19334
0.42499
0.42644
0.44692
0.087687
0.34262
0.35591
1.9132
1.1696
0.70655
0.33683
0.17193
0.092481
2.159
0.21199
0.090212
0.10256
0.10934
0.10791
0.074664
0.099049
0.11059
3.1414
2.0677
6.465
5.6845
0.72036
1.3984
3.0534
1.4694
1.1385
0.28718
0.68769
0.94363
0.9403
0.24301
1.6344
0.28211
0.76007
0.070549
0.14518
0.080031
0.076852
0.042797
0.070351
0.28726
0.13907
0.049769
1.3948
0.077632
0.28112
0.074706
0.07968
0.31299
0.093172
0.079717
0.33882
0.048036
0.079247
0.3553
0.038173
0.26874
0.42648
0.033538
0.14387
0.46371
0.042276
0.19193
0.46212
0.13208
0.065199
0.44313
0.19324
0.095139
0.46474
0.067237
0.1635
0.46004
0.11102
0.1305
0.43052
0.049171
1.5216
4.9187
1.9322
2.6673
0.13057
0.33122
0.062263
0.36109
0.040453
1.0303
0.77462
0.13919
0.21742
0.061538
0.25452
0.10511
0.28509
0.21113
0.26628
0.43866
1.5735
0.74314
0.33574
0.24355
0.20469
0.24916
0.29254
1.9324
0.1739
0.17197
0.075296
0.0731
0.098916
0.10083
1.6831
3.796
2.9632
2.7004
0.4339
0.36196
1.6365
3.1458
0.21159
2.0865
5.2051
2.6651
0.24482
0.24196
0.23168
1.7554
3.5809
2.7978
1.7581
0.089647
0.082591
0.063827
1.9767
4.9054
4.6583
0.19047
0.53643
0.22302
0.20129
1.6448
0.42434
0.52373
0.20674
0.16871
0.29648
0.53312
0.18238
0.16498
0.47471
0.45891
0.13023
0.33254
0.54646
1.6388
0.34491
0.52289
0.44479
0.11471
0.30345
0.43993
0.44163
0.42112
0.41229
0.43998
0.4438
0.40608
0.43105
0.43879
0.41825
0.40941
0.43574
0.43189
0.39196
0.87736
2.1613
2.0415
0.45284
0.4193
0.40874
0.43596
0.4351
0.40631
0.42703
0.43997
0.41996
1.3509
0.85083
0.42558
0.40536
0.43729
0.42646
0.40534
0.44065
0.42571
0.40353
0.43626
0.42413
0.40746
0.43941
0.2713
0.20247
0.18615
0.41986
0.41086
0.43721
0.41642
0.49366
0.081809
0.4641
0.32229
4.3136
4.866
1.8277
2.6614
0.41637
2.3998
0.82611
0.75244
0.9553
0.92694
2.3931
0.92415
0.90208
0.84358
0.89292
1.823
0.2242
0.41111
0.44801
0.082279
0.25082
0.33284
0.065701
0.41869
0.47928
1.3326
0.53882
0.29315
0.26997
0.53791
0.50543
0.35331
0.13429
0.42177
0.4198
0.44344
0.43138
0.40974
0.44388
0.4377
0.40487
0.44719
0.44708
0.39956
0.44438
0.4447
0.39866
0.44419
0.44488
0.39706
0.44523
0.44639
0.39892
0.44388
0.43678
0.39453
0.43517
0.42304
0.8608
2.5231
4.0854
4.051
1.1336
0.41672
0.42743
0.43374
0.43299
0.41336
1.7783
0.43309
0.43301
0.4025
0.3304
0.22235
0.43623
0.40101
0.43541
0.4368
0.046784
0.36439
0.43527
0.43632
0.16153
0.27702
0.4369
0.14094
0.24312
0.4383
1.4677
0.14218
0.43732
0.090613
0.037377
0.43084
0.098823
0.034831
3.5339
5.4229
4.2833
0.79648
1.9311
0.57368
3.6047
0.12548
0.10725
0.096903
0.12636
0.12636
0.10223
0.10192
1.6108
0.42789
1.0274
1.8954
0.089736
1.6824
0.087319
0.11134
2.6826
3.3538
4.0575
4.8554
3.4941
0.089812
0.095927
1.9079
0.1742
0.034213
0.30422
0.26215
0.030847
0.29533
0.26105
0.047792
0.35375
0.31874
1.4112
0.29124
0.33143
0.063124
0.37626
0.40956
0.063048
0.29339
0.42966
0.30744
0.36203
0.046069
0.44665
0.28696
0.41302
0.30113
0.41505
0.27666
0.37381
2.9043
5.6396
2.9845
0.35781
0.20951
1.1132
1.1756
0.27027
0.41122
0.060438
0.17634
0.42146
0.096693
0.20472
0.26226
0.061252
1.65
0.023688
0.22269
0.29327
0.015673
0.060552
0.38807
0.068436
0.051327
0.061736
0.033226
0.042946
0.061807
0.043247
0.033059
0.062201
0.053999
0.022876
0.062823
0.062676
0.060244
0.71388
2.0507
0.71452
0.7331
2.4149
3.8941
2.6417
0.6982
0.97894
0.72303
2.563
0.20645
0.24873
3.5748
4.1345
2.4188
1.0994
0.089578
0.11033
0.09694
0.06467
0.088511
0.45625
0.35717
0.028971
1.4133
0.25905
0.42194
0.2379
0.21667
0.35649
0.49106
0.42055
0.45304
0.42902
0.13043
0.18679
0.43488
0.4095
0.44803
0.44349
0.40564
0.44966
0.44558
0.10429
0.31959
0.44329
0.40308
0.44716
0.44013
0.40594
0.44739
0.4348
0.41025
1.7871
0.42312
0.41869
0.4432
0.40918
0.42739
0.44023
0.39264
0.43921
0.63727
1.2831
3.3457
0.95347
0.44544
1.9469
0.17775
0.56847
0.47981
0.44445
0.4846
0.46657
1.804
0.48738
0.45445
4.5444
1.3372
2.1045
0.29863
0.089131
0.09334
0.11701
0.11102
0.094879
0.081158
1.502
0.1649
3.2382
4.7513
1.7232
0.12137
0.12933
2.2411
2.5108
2.5744
1.7839
1.4161
0.96777
0.24443
0.39777
1.5898
2.257
0.64236
0.62953
0.61734
0.6097
0.60386
0.59967
0.3353
1.1342
0.90997
0.061954
0.1163
0.2281
3.574
4.9817
2.8904
4.9878
0.99077
0.30234
0.47741
0.2572
0.36025
1.6783
0.085962
0.074142
0.070991
0.053859
0.048243
0.048453
0.06625
0.065791
0.065199
0.049204
0.04312
0.051647
0.064122
0.06393
1.4263
0.039844
0.044288
0.063202
0.063233
0.059596
0.037018
0.044087
0.062986
0.062636
0.050051
0.033757
0.05612
0.062474
0.059794
0.13537
1.6022
0.062152
0.16474
2.3277
4.114
1.2178
0.41031
3.2052
0.69217
1.1891
0.53419
0.55161
0.5643
1.8937
0.53954
0.54012
0.56421
0.56968
0.56781
0.54751
0.58235
0.86863
0.13516
0.13273
0.079008
0.59839
0.59101
0.59568
0.62958
1.931
0.63722
0.66652
0.70942
2.3182
0.68479
1.3211
3.8369
0.81341
0.80838
0.76711
2.4097
0.10356
0.093536
0.065686
0.10415
0.10442
0.074307
0.096554
4.9344
5.4565
5.3706
4.8263
4.702
1.3662
3.5202
1.3151
1.9507
1.173
2.3801
0.68143
0.63709
0.21652
0.20478
0.96947
2.2059
0.12087
0.10805
0.077787
1.7294
0.047489
0.14651
0.059942
0.092547
0.062966
0.038733
0.071717
0.059453
0.026056
0.068413
0.067813
0.023347
0.059684
0.067217
1.431
0.050971
0.066607
0.036329
0.046034
0.066126
0.042526
0.039356
0.065709
0.047511
0.033682
0.065468
0.44824
0.79071
2.4393
4.9505
4.9279
1.3627
0.57504
2.0681
0.5571
0.5617
0.5376
0.5427
0.56865
0.55747
0.39576
1.5858
0.25566
0.72338
1.9021
3.8987
1.475
3.2879
1.0964
0.66049
0.66038
0.64986
0.092839
0.12301
0.12831
0.26394
2.1917
0.75805
0.73818
1.5325
5.3651
5.3431
2.0806
0.68672
0.19991
3.2944
2.8188
6.705
4.0893
2.9438
1.1674
0.76407
0.74231
0.46197
0.25535
0.25867
1.6221
0.27953
0.34583
2.6973
0.079893
0.71033
3.3408
0.69897
0.68902
0.68898
0.69014
0.7133
0.66529
0.45667
0.78237
0.74323
0.057681
0.037892
0.04905
0.11869
1.6911
0.036622
0.24236
0.040903
0.11976
0.030557
0.068378
0.073562
0.024756
0.065296
0.07052
0.029012
0.055387
0.068691
0.0345
0.048751
0.068264
0.038509
0.044456
0.067923
0.039822
0.042944
0.067466
1.3413
0.045822
0.60021
1.2503
3.2829
0.16147
0.05317
1.2466
0.29386
0.057842
0.067203
0.016873
0.06522
0.063071
0.018926
0.067366
0.054227
0.027582
0.067221
0.045851
0.036378
0.067493
0.038779
0.5213
0.88089
0.03339
0.048624
0.067464
0.028679
0.053087
0.067453
0.02444
0.057718
0.068124
0.020001
0.062617
0.067873
0.015646
0.067053
0.44708
0.84905
1.9955
2.0929
3.0742
0.69621
0.68533
0.67937
0.65741
0.64882
3.2346
4.865
4.8981
4.0379
0.29425
2.1674
0.76651
1.81
0.0448
0.034553
0.064444
0.055307
0.023742
0.063876
0.31104
1.1589
1.3947
4.8032
0.96358
0.075456
0.062259
0.030141
0.06357
0.040276
0.03732
1.511
0.025427
0.052337
0.062759
0.01489
0.062702
0.041359
0.036214
0.062657
0.014784
0.062564
0.046692
0.03037
0.062386
0.014886
0.21285
0.044624
0.10605
0.017976
0.071166
0.044642
0.038768
0.29322
1.2657
0.70224
4.1602
0.35813
1.8932
0.049247
0.028298
0.062111
0.01749
0.058728
0.047271
0.029368
0.061678
0.38361
1.0093
0.024538
0.051828
0.046606
0.029862
0.061567
0.014647
0.061632
0.014498
0.061464
0.026251
0.050367
0.043811
0.032769
0.060907
0.01558
0.061688
0.01494
0.061951
0.014788
0.061967
0.030826
0.046213
0.085187
1.6966
0.75195
1.5784
1.529
1.8891
0.22795
0.19956
0.36902
0.58831
0.56293
0.58206
0.5394
0.27695
1.0508
1.0002
0.053174
0.098691
3.9121
2.1247
0.25775
0.3208
0.35612
0.25643
0.25336
1.524
0.23745
0.2226
0.17742
3.4619
1.4412
0.037128
0.058017
0.012618
0.058173
0.044774
0.025764
0.057672
0.012562
0.058096
1.7859
1.9696
2.7389
2.512
0.42081
0.020092
1.9353
1.9714
0.71649
0.058509
1.4844
2.0048
0.82856
0.055279
0.039323
0.03203
0.058471
0.6637
1.9717
1.4966
0.49671
2.7817
2.831
4.5971
0.057263
0.014262
0.055846
0.041431
0.028788
0.057451
0.012508
0.057583
1.3309
0.057351
0.030866
0.039239
0.048747
0.021423
0.057596
0.01256
0.058139
0.012578
0.057734
0.012741
0.057888
0.024596
0.045778
0.037241
0.033448
0.050129
0.020928
0.058439
0.012622
0.19535
0.01275
0.11277
0.025311
1.37
0.012689
0.065822
0.012526
0.063421
0.033246
0.041349
0.05623
0.017684
0.060709
0.012428
0.11292
4.5151
4.9086
4.888
3.0365
1.3846
0.56507
0.02798
0.073713
0.053841
0.42092
1.2642
0.02665
0.072923
0.047646
0.051447
0.072268
0.025292
0.071709
0.031462
0.064167
0.053593
0.034537
0.064087
0.016591
1.5011
0.01761
1.216
1.9768
1.9819
1.5371
0.014502
0.059267
1.5515
1.998
0.4665
0.054007
0.5668
1.9979
1.3389
0.012963
0.059096
1.9292
1.9915
0.54257
0.052444
0.92241
5.262
5.1819
6.5005
3.1088
1.5406
0.56644
2.1693
1.1754
1.9139
0.92668
1.3873
0.7994
1.1632
0.091143
1.5634
0.059849
1.6906
0.049252
1.5091
0.016632
1.4398
0.27603
0.8757
0.60095
2.6521
0.18033
1.4094
0.43004
1.1866
0.44363
0.18
1.3143
0.15009
0.18101
0.93233
2.1092
0.99083
3.4844
4.7843
4.7848
1.0745
4.3824
2.7754
1.7085
0.28409
3.7572
0.16312
0.64347
0.65181
0.58175
0.611
0.59773
1.7522
0.14391
1.4954
0.12807
0.19985
0.58665
0.16212
0.18485
0.15206
0.17061
0.18479
1.4566
0.18386
0.22475
2.8163
0.044344
0.061638
0.026964
0.049723
0.16081
0.058791
0.09676
0.053821
0.074133
0.015199
0.069342
0.044011
1.3282
0.064803
0.014838
0.064244
0.05055
0.027979
0.063218
0.019818
0.058073
0.052992
0.024753
0.06256
0.017356
0.059994
0.048333
0.028549
0.062092
0.01481
0.061846
0.037882
0.038501
0.064638
3.11
4.2419
2.0602
0.30973
0.23152
0.21949
1.5566
0.24567
0.12391
0.11969
0.17567
0.16205
2.5891
5.4807
5.7363
2.7546
0.35258
0.14807
2.3027
0.77988
1.654
0.12429
0.12285
0.11707
0.093938
0.11008
0.12712
0.12242
1.5152
0.099608
0.1195
0.86102
2.7536
0.38647
1.1098
3.0535
0.40597
1.4654
0.86532
0.1522
0.13728
0.12165
0.12472
0.13127
0.12642
0.58861
2.1626
4.7139
4.8323
0.56117
0.09519
0.077633
0.058193
1.5475
0.81222
0.2131
0.21714
0.26404
0.24397
0.22462
0.24886
0.25816
0.22317
0.23949
2.822
0.057666
0.13178
0.10082
0.090129
0.062644
1.5147
0.084156
0.059937
0.084467
0.097188
0.057332
0.058008
0.088731
0.073001
0.04883
0.065966
0.082453
0.055897
0.043204
0.07907
0.077999
0.04269
0.054036
0.079648
0.060919
0.038851
0.07213
1.3862
0.038949
0.053238
0.90146
1.1991
1.6963
0.12267
0.13435
0.18204
0.9718
1.0754
0.14448
2.0492
4.8748
4.8975
4.7751
0.79602
2.4614
0.31878
2.1867
0.60588
0.60573
0.62518
0.60698
0.58005
0.61067
0.60559
0.55841
0.58183
1.967
0.57877
0.59318
0.61466
0.58946
0.58768
0.62076
0.59634
0.58618
0.62151
0.63946
4.1899
5.5138
4.9255
0.71329
0.45462
0.17034
0.13785
0.25031
4.4036
4.8275
4.7757
4.493
0.25109
2.1952
0.85246
0.36801
0.26347
0.30663
0.23367
1.8968
0.13017
0.028913
0.069181
0.072128
1.4785
0.067678
0.071573
0.024897
0.065883
0.072221
0.023403
0.064658
0.071848
0.022557
0.063647
0.070818
0.021536
0.063712
0.070109
0.020159
0.064333
0.069413
0.018397
0.065548
0.31072
1.1599
0.068484
0.06198
0.020954
0.068171
0.056541
0.026184
0.067479
0.048288
0.033392
0.066799
0.036394
0.0449
0.066124
0.02055
2.7167
2.5447
0.16472
0.20156
2.0113
0.16983
0.088299
0.055836
0.077529
0.12844
1.5298
0.28599
0.17477
0.2356
2.6636
1.4716
0.82021
1.7153
0.44459
0.15164
0.20299
3.3931
3.1283
4.2232
1.9089
1.6969
4.0219
2.3528
1.5164
2.6095
0.83983
2.5177
0.81053
3.0968
1.966
0.69192
0.67937
0.6707
0.66858
0.66025
0.64783
0.76078
0.66934
1.6197
0.33683
4.9752
5.0777
0.7539
0.28837
1.8955
0.34597
0.26144
0.25425
0.74688
0.74484
1.4008
0.23867
0.22025
0.21747
0.2313
0.23821
0.2367
0.23555
0.22425
0.63487
2.9757
0.065498
0.065169
0.042122
0.038634
0.063473
0.064124
0.061051
0.034804
1.4123
0.063717
0.063297
0.03555
0.042489
0.06334
0.062773
0.028916
0.04862
0.062603
0.050144
0.027456
0.062466
0.0627
0.02069
0.056683
0.062454
0.026666
0.75278
3.2141
0.78772
4.8011
0.55701
0.049129
0.061749
0.057819
0.018609
0.061499
0.061429
0.025
0.051182
0.061227
0.027146
1.425
0.061384
0.023868
0.052538
0.061354
0.014999
0.061249
0.059993
0.016322
0.061434
0.047123
0.029264
0.06164
0.030513
0.046024
0.061929
0.014991
0.061923
0.050061
0.026646
0.062272
0.072769
1.5774
0.24076
0.30098
1.2186
1.4697
0.79543
2.196
0.75324
0.27187
0.41301
1.5785
0.23263
4.0557
4.9646
4.9256
4.5912
0.24846
2.1117
0.075217
0.46845
5.4414
4.8661
0.4272
0.20918
0.22242
4.9312
4.8875
1.2459
0.16324
0.17729
1.755
0.17178
0.16019
0.068948
0.04929
0.029629
0.065202
0.055108
0.022558
0.064203
0.66616
0.82767
0.063308
0.059206
0.016498
0.062488
0.056194
0.019048
0.061697
0.048183
0.026132
0.061239
0.034532
0.039436
0.060488
0.013061
0.060538
1.2333
4.6041
3.1252
2.2262
2.7383
0.1927
0.11018
0.07979
0.092386
0.10835
0.067043
0.1041
0.10213
1.4553
0.10826
0.065419
0.10602
0.090912
0.080144
0.1087
0.063081
0.10909
0.063096
0.10859
0.07245
0.09938
0.087268
0.084724
0.099666
0.072066
0.10912
0.063367
0.10957
0.063784
0.10994
0.064103
0.10971
0.063561
2.6371
4.8564
3.7338
2.7994
1.3891
2.1829
0.20671
1.1957
2.0676
0.23513
1.4808
0.31846
1.6521
0.7816
3.7397
6.8016
4.9952
4.8284
1.81
1.0773
1.1953
0.16431
1.4101
1.4525
0.15261
0.14482
0.17152
0.25294
1.5863
0.20336
1.7662
2.3567
3.1078
0.078138
2.1339
0.066244
1.8414
0.082469
2.2824
1.0042
1.4355
0.054879
0.077119
0.029022
0.075907
0.039816
0.064287
0.065554
0.038622
0.19094
0.91374
1.5172
0.055233
0.085377
0.030646
0.082161
0.029088
0.81366
1.7361
0.060377
0.064718
0.054606
1.3589
1.0952
1.1968
1.411
0.062041
0.014643
0.17324
0.16058
0.21018
2.6492
1.7383
0.58996
0.19293
0.19937
2.5022
0.17308
4.1431
5.1624
0.98707
2.2562
2.8722
0.15673
0.088467
0.10965
0.069411
0.10985
1.4797
0.14785
1.3019
0.26462
0.10845
0.067347
0.11024
0.085794
0.089334
0.12299
1.623
0.13693
1.6029
6.6552
1.1109
0.13026
0.15758
0.10723
0.15005
0.12131
0.1074
0.13122
0.094124
3.1742
4.2431
1.4106
1.0384
2.1581
0.71724
3.8099
0.29268
0.66463
2.7988
0.26403
0.9521
1.4248
0.84743
7.4098
3.0167
0.22283
1.5982
0.063273
0.69461
0.70315
0.26642
1.1026
1.3889
1.5031
0.021108
1.8812
0.035756
0.65633
0.72773
0.71315
2.0325
0.055729
0.4169
1.1844
0.037232
1.3729
0.11194
1.417
0.059721
1.7006
0.019536
1.6389
0.03832
1.3613
2.9648
1.486
3.2216
0.2043
0.038664
0.060887
0.061072
0.039673
0.036184
1.385
0.038568
0.037214
0.061024
0.027487
0.048158
0.061239
0.014578
0.061107
0.047988
0.027799
0.060877
0.02483
0.050574
0.10559
0.12346
0.075956
0.063696
0.058176
0.028639
0.067244
0.026832
0.052656
0.061516
0.01686
0.062969
1.3495
0.043167
0.062406
0.014704
0.062078
0.042792
0.053872
1.1498
1.3275
0.064608
0.1122
0.10732
0.07047
0.11235
0.089379
0.087961
0.157
0.21981
0.16873
2.5109
0.035769
0.039926
0.061319
0.014771
0.061003
0.043486
0.032239
0.060999
1.3369
0.061204
0.0407
0.034702
0.060493
1.3128
0.94107
0.029533
0.045723
0.056842
0.018159
0.060128
0.9724
1.3263
0.034003
0.040951
0.056742
0.018499
0.060161
0.44735
1.8449
0.022233
2.8495
4.7198
2.9219
2.0004
0.31801
2.0013
4.7254
2.0012
2.1879
0.29479
3.9558
2.3301
1.4934
0.61952
1.3926
0.063629
1.1913
1.9223
3.1221
0.22041
0.21633
0.19286
1.6519
0.217
0.20336
0.14434
0.95649
0.7055
0.15161
0.13238
0.18291
2.8957
4.8346
1.1509
0.2345
0.1309
2.0586
0.20915
0.13393
0.18369
0.16534
0.15038
0.18867
0.15335
1.5646
0.22923
0.15501
0.078399
0.054062
0.60424
0.83158
0.03326
0.077269
0.047161
0.059009
0.075722
0.029818
0.075744
0.040877
0.065252
0.11043
4.521
4.8678
1.4071
4.0008
0.9203
0.098143
0.38968
2.1117
5.0693
2.9756
0.24275
4.4719
4.0589
0.6571
0.20024
0.19004
0.22451
1.243
0.75528
0.20861
0.22259
0.55671
2.0771
0.22182
0.20314
0.18052
0.17636
1.5421
1.9971
0.10997
0.066304
0.02879
0.27084
3.1412
1.8592
0.071464
0.050081
0.036384
0.81344
1.9988
0.39784
0.070261
0.019939
0.96077
1.9983
0.85933
0.069932
0.036623
0.048218
0.85998
1.9436
0.5032
3.1396
1.3964
2.1668
0.29243
0.24875
0.27596
0.2807
0.24414
1.9978
0.096173
0.043548
0.080998
0.078644
0.030996
0.080086
0.063779
0.48437
1.1191
0.16681
0.12289
0.23897
0.58265
2.9677
3.1562
0.097082
0.11274
0.13633
2.0084
4.7538
1.5386
1.5908
0.10696
0.080301
0.11784
1.4914
0.069533
0.1167
0.11725
0.068233
0.11659
0.11714
0.066754
0.11804
0.11434
0.06842
0.18689
2.1294
1.8147
4.9364
0.79669
0.064347
0.2076
3.941
1.5492
0.23831
0.22028
0.21389
0.24026
0.24951
0.32519
0.23462
0.22266
1.3795
0.039276
0.072993
0.043962
0.043439
0.068588
0.03527
0.047517
0.066814
0.029033
0.05255
0.066094
0.02069
0.060053
0.065192
0.014976
0.064921
0.054617
0.024839
0.06453
0.042767
0.03668
0.064244
0.028192
0.050737
0.063719
0.014773
0.06335
0.052871
0.44756
0.97616
0.035067
0.042418
0.062949
0.014663
1.447
1.2277
1.7876
0.24402
0.21715
0.19859
0.2447
0.20366
0.20945
1.6591
0.1842
0.18634
0.19629
0.62671
0.34256
1.5704
0.19468
0.15545
0.16969
0.23669
0.6634
1.017
1.1653
2.0516
3.7463
2.4597
0.061288
0.21132
1.9996
0.61328
0.62099
0.63511
0.59456
0.57812
0.60172
0.58665
1.8465
0.59408
0.54836
0.21786
4.2929
3.1006
2.1323
1.1043
3.0475
5.6396
2.0508
0.28756
0.54447
1.4135
1.8612
2.1364
0.28858
0.25395
0.9033
1.8094
0.4946
0.22846
0.19909
3.8208
2.8411
0.059773
0.02266
0.061704
0.064553
0.031919
0.047458
0.064457
1.4037
0.036612
0.064172
0.051264
0.20935
0.057349
0.094847
0.046253
0.046086
0.072219
0.036974
0.047436
0.067681
0.035654
0.045719
0.065758
0.035467
0.044546
0.064831
0.034313
0.045269
1.8061
2.6573
2.247
0.19279
1.5253
0.042158
0.033862
0.06234
0.06112
0.016973
0.063477
0.063444
0.014712
0.063322
0.061936
0.016119
1.3654
0.05378
0.024419
0.063382
0.039859
0.038451
0.063379
0.019744
0.058667
0.058786
0.019856
0.063821
0.033903
0.045151
0.065448
3.3474
0.38694
0.16984
0.15096
1.5005
2.3298
5.0348
5.8422
2.2045
2.049
2.7419
0.89297
0.85215
0.85472
2.2432
3.7782
0.80603
0.75651
0.75783
2.2148
0.67832
0.23399
0.32727
1.5454
0.15695
3.6241
1.1605
0.19765
0.18497
1.5917
0.68718
0.69908
0.57059
0.18794
0.25311
0.080273
0.05287
0.036436
0.064017
0.068786
0.051327
0.032277
0.068357
0.067937
0.089591
1.3045
0.068259
0.18183
0.083282
0.10585
0.061309
0.082143
0.033886
0.057268
0.073068
0.036354
0.049799
0.069432
0.042963
0.040649
0.067811
0.048744
0.033319
0.066901
0.051808
1.183
3.9634
0.23558
0.17601
0.044051
0.051828
0.066092
1.397
0.027909
0.056739
0.065618
0.040021
0.040418
0.065607
0.051921
0.028653
0.066017
0.061719
0.018971
0.066348
0.066202
0.022679
0.058888
0.066581
0.027808
0.053589
0.066843
0.031939
0.049889
0.067704
0.049734
2.0006
0.82117
0.60801
0.62313
2.326
0.61606
2.0057
0.7387
0.71972
2.8475
1.9285
1.9108
3.0156
0.82109
1.8734
5.3469
1.817
4.4543
0.74113
0.50165
0.2658
1.4662
3.674
0.044437
0.07108
0.071092
0.050408
0.038633
0.067599
0.070034
0.054116
0.036622
0.063826
0.069474
0.053972
0.033658
0.065731
0.068254
1.3789
0.035769
0.068491
0.067667
0.038622
0.044582
0.067468
0.062674
0.030082
0.057797
0.15951
0.12253
0.089026
0.073104
0.076868
0.030529
0.063937
0.072827
0.035437
0.050591
0.069121
0.047408
0.036174
0.067788
0.059703
0.023491
0.066777
0.066807
0.81272
2.572
2.448
0.037266
0.049203
0.06567
0.051408
0.02943
0.065639
0.062997
0.020007
0.063873
0.06566
0.026242
0.055488
0.065687
1.3244
0.047083
0.06568
0.041162
0.040427
0.06582
0.048036
0.033687
0.066229
0.056089
0.026423
0.066563
0.065482
0.022206
0.061967
0.066996
0.031189
0.051983
0.066972
0.043863
0.038693
0.067057
0.056126
0.026737
0.067473
0.067216
0.024886
0.057999
1.3196
5.3335
3.0262
0.71097
2.0739
1.8604
0.29943
4.5867
0.88414
0.048852
0.46699
1.2351
0.60797
3.6862
5.4688
3.2887
0.13021
0.13065
0.10524
1.6859
0.064092
0.063951
0.060972
0.036702
0.046414
0.06343
0.06343
0.04543
0.032658
0.062914
0.06281
1.4837
0.03059
0.057717
0.062808
0.052404
0.027176
0.060197
0.062271
0.044794
0.032371
0.061857
0.12949
0.11545
0.083221
0.064519
0.074329
0.027913
0.056336
0.066771
0.032998
3.4026
4.6928
2.04
0.2219
0.031899
0.044596
0.062269
0.052301
0.024637
0.061834
0.062283
0.016319
1.0448
0.45369
0.020262
0.056182
0.30072
0.4144
0.16269
0.16716
0.12369
0.16239
0.16987
0.12098
0.16928
0.21727
0.25465
0.17259
0.21482
1.6197
0.10122
0.11063
0.094446
0.057178
0.086171
0.097353
0.16971
2.1039
6.206
6.3968
3.2149
0.78039
2.7325
1.4568
4.8575
1.8014
2.9427
0.19693
0.61276
0.73681
2.4697
3.0971
0.16628
1.687
0.0933
0.041258
0.069398
0.071098
0.031873
0.052553
0.072408
0.042126
0.046867
0.067872
1.3254
0.040199
0.066156
0.047362
0.035604
0.066617
0.049334
0.032952
0.065891
0.049952
0.031854
0.065772
0.049144
0.03236
0.065791
0.0466
0.034931
0.065441
0.043002
0.038812
0.065479
0.036722
0.044742
0.064967
0.029136
0.052068
0.0649
0.018764
0.061987
0.064047
0.017138
0.064831
0.35292
4.2075
0.62186
4.2637
0.18061
0.098867
0.095552
0.26081
0.079663
0.17062
0.072324
0.12798
0.10745
0.080984
0.11999
0.095876
1.4318
0.11762
0.088196
0.09406
0.11699
0.080917
0.10076
0.11644
0.073119
0.10774
0.1163
0.066346
0.11422
0.11402
0.066863
0.11656
0.11033
0.070918
0.11667
0.10713
0.07394
0.11699
0.10498
0.076376
0.11718
0.10573
0.07644
0.11781
0.10874
0.074436
0.11863
0.11368
0.070182
0.11884
0.1188
0.073176
0.11023
0.11847
0.080017
0.10388
0.11854
0.088259
0.095908
0.11875
0.095778
0.088949
0.11822
0.10329
0.0812
0.11911
0.11063
0.073963
0.11874
0.11693
0.071139
0.81018
0.80933
0.075508
0.10825
0.11802
0.079637
0.10432
0.11784
0.084174
0.10011
0.11789
0.087278
0.09667
0.11785
0.090046
0.093532
0.11764
0.091664
0.092272
0.11757
0.092954
0.090756
0.11758
0.093196
0.088794
0.11674
0.092939
0.089302
0.11629
0.091778
0.089984
0.11681
0.091407
0.091569
0.11666
0.089319
0.093709
0.11687
0.086442
0.096112
0.11632
0.083087
0.098591
0.11631
0.079979
0.10242
0.11617
0.076657
0.10505
0.18016
0.15325
0.13193
0.11853
0.11528
0.078196
0.1224
0.091948
0.093099
1.605
0.07541
0.10679
0.11605
1.057
0.42834
1.6063
4.1466
0.33187
2.2399
3.1139
1.2833
1.6641
1.5323
0.22143
1.7057
0.25234
2.9822
2.8359
0.27211
0.19128
0.061473
1.7333
0.21532
3.8266
4.3301
3.7217
1.8804
0.28218
0.83413
1.1688
0.28913
0.2718
0.56169
2.0099
0.93129
0.014532
0.061328
0.059937
0.015371
0.061946
0.16249
1.1944
0.061499
0.034022
1.9336
2.0228
1.5054
0.061476
0.053986
0.021391
0.6051
1.9787
1.5024
0.061198
0.013146
0.061211
0.3485
1.9657
1.2565
0.017296
0.056786
0.052547
1.054
1.5376
0.022968
0.057517
3.107
1.6386
0.18757
1.1179
1.0886
0.06206
0.046606
0.030544
0.061967
0.015004
0.061926
0.043509
0.033199
0.061989
0.01492
0.061772
1.3136
0.052444
0.047099
0.98241
1.5571
0.042464
0.090072
1.3204
0.1629
0.16913
2.8016
0.34344
1.8203
0.3245
2.1306
2.343
0.2667
1.4648
0.18102
3.3215
0.39494
1.6413
0.17382
1.026
2.5183
0.23106
1.3262
0.18247
3.4443
1.9321
0.98203
0.71657
2.6348
2.3199
0.033886
2.5411
0.82207
1.6268
0.031961
0.48884
1.0339
0.18588
1.4027
0.10928
4.3567
0.044414
1.1734
0.065341
2.1469
1.9519
0.034472
1.2925
0.064222
1.254
1.0802
0.024823
1.8432
1.3794
0.67317
0.63906
0.4021
1.2374
0.045611
3.0389
1.0423
0.014704
1.3382
0.037402
1.7714
0.063997
3.1901
0.57021
0.27363
0.91433
0.29716
1.1908
2.5839
2.009
3.6223
0.12724
1.2796
1.1188
1.4326
0.42247
0.80877
0.66583
0.71577
0.51428
0.91286
0.45086
0.88326
0.84761
0.84344
0.065043
1.1295
0.084327
1.3416
0.11275
1.6974
0.11301
2.0985
0.69129
0.10207
1.2129
0.59967
0.59926
1.222
0.69574
0.090363
1.7499
0.06586
0.9977
0.22924
0.38008
0.31615
0.49497
1.4835
1.5187
1.1748
1.4332
0.34641
0.32218
1.24
3.9666
1.9379
5.1507
3.9022
1.5133
3.8775
2.2094
1.1849
0.070767
0.1722
1.5413
1.9633
3.9587
5.2026
0.45495
0.22065
3.1421
0.59256
1.4737
0.63077
1.943
1.4718
0.077323
0.066048
1.0688
0.73635
0.062862
1.6689
0.39896
0.14071
1.7662
0.87449
1.2558
0.71303
0.33819
1.4938
1.2926
1.2002
0.033572
1.3046
0.063111
1.2883
0.034046
1.4289
0.36132
3.0604
0.047262
1.41
1.2747
0.60393
0.19411
3.3809
0.16249
0.025596
1.4619
0.060694
0.028328
0.047066
0.060493
0.024966
0.050569
0.060598
0.014934
0.060738
0.051383
0.02448
0.060548
0.026568
0.04919
1.3831
0.016207
0.060677
0.024566
0.050888
0.054151
0.021347
0.060821
0.0149
0.060736
0.036907
0.038812
0.061032
0.014824
0.061011
0.014786
0.061361
0.04009
0.03609
0.061503
0.014592
0.061596
0.017794
0.058983
0.046558
0.052014
1.5624
0.18956
0.19977
0.20453
3.2504
0.19883
0.08563
0.066997
1.3896
0.7484
1.6092
0.13266
0.61393
3.0749
3.9954
1.7674
0.096822
0.11188
0.12645
0.10969
0.63045
2.0026
0.68423
0.029258
0.06541
0.055988
1.3317
0.06275
0.047246
0.029461
0.061358
0.034784
0.041912
0.061402
0.72923
2.0229
0.11445
0.024749
0.061743
0.023498
0.053172
0.057534
0.019049
1.0132
1.9468
0.054301
0.052694
0.024107
0.061719
0.015446
1.9824
4.7425
0.30767
1.851
0.058694
0.11545
0.095087
0.08487
0.062098
0.060502
0.028071
0.068147
0.019126
0.061314
0.049012
0.029966
0.063633
0.014907
1.1205
0.29218
0.043766
0.059191
0.018122
0.0625
0.014879
0.062618
0.033949
0.043469
0.05571
0.021701
0.062459
0.014883
0.062633
0.023191
0.054253
0.045046
0.032538
0.06966
0.11297
1.3015
2.1544
3.0888
0.98428
1.0416
1.5353
0.17827
0.13358
0.18935
3.2299
4.8989
3.3613
0.21045
2.6288
0.1553
0.079238
0.065494
0.11199
1.2212
0.51634
0.17139
0.14989
0.18306
0.19501
0.1473
0.21262
2.2209
0.12322
0.065757
0.047257
0.032279
0.063407
0.029812
0.048012
0.53878
0.87555
0.062687
0.052292
0.025417
0.062794
0.030852
0.046968
0.062721
0.014953
0.062477
0.040933
0.036677
0.062589
0.01503
0.062156
0.042827
0.034249
0.061933
0.015041
0.062033
0.036229
0.040387
0.062776
2.2439
1.041
1.2167
0.031803
0.061044
0.014667
0.06142
0.033966
0.04227
0.059632
0.01633
0.06145
1.3518
0.061689
0.031664
0.044714
0.05302
0.023346
0.061697
0.014749
0.062014
0.019408
0.057231
0.04263
0.034122
0.062093
0.014737
0.062312
0.014698
0.062401
0.037102
0.076429
0.17354
0.11196
0.078778
0.017062
0.060546
0.046754
0.031116
0.18347
0.046593
0.10389
0.051434
1.4968
0.15241
0.15504
0.073267
0.092429
0.10661
0.093783
0.10092
0.1369
3.4015
0.19617
0.058512
0.68025
0.18499
0.15647
0.15919
0.18247
0.13553
0.17941
1.5521
0.13854
0.18261
0.15815
0.15676
0.18235
0.13963
0.17479
0.18109
0.1333
0.18206
0.16548
0.14854
0.1822
0.030987
0.04886
0.064636
0.014779
0.064837
0.057667
0.021273
0.063991
0.03737
0.04136
0.063837
0.014917
0.063417
0.054786
0.023396
0.063211
0.032022
0.18943
1.3013
0.01457
0.062822
0.043183
0.034231
0.06289
0.01472
0.062972
0.27141
3.0084
5.9675
4.958
1.8908
1.1919
0.15979
0.20595
1.6161
0.055892
0.074473
0.035912
0.065841
0.07471
0.026784
0.074616
0.058517
0.090063
1.8045
0.30681
0.38166
2.969
3.6941
2.6314
4.9948
4.9537
2.3624
2.5501
0.81793
3.5994
4.2417
1.9753
1.1473
0.74671
0.19539
1.5125
0.76775
0.58965
0.57709
0.56882
0.55417
0.54252
0.56713
2.052
0.70392
3.5071
2.6061
1.664
2.3694
0.074218
0.069414
0.067841
0.41718
0.080461
0.33152
1.1653
0.11687
0.11866
0.10985
0.075699
0.058038
0.056571
0.072171
0.07738
0.077256
0.062146
0.050741
0.068583
0.075833
0.075663
0.050637
0.05155
0.073614
0.070711
0.048128
0.039326
1.4187
0.064442
0.036034
0.04315
0.061344
0.053276
0.023204
0.061062
0.060953
0.022399
0.053409
0.77711
1.9872
1.7961
0.060697
0.029313
0.47072
2.3159
0.1566
0.17862
1.5327
0.11596
1.5601
0.054563
0.040227
0.062369
0.98794
0.3929
0.061772
0.02863
0.049706
0.062294
0.01633
0.06232
0.051783
0.026906
0.062854
0.029397
0.049641
0.062937
0.045097
0.17693
0.10001
0.163
0.10822
0.22856
2.6329
2.1117
0.15239
0.077294
0.15152
1.4021
0.26434
3.3074
1.4186
3.8863
1.2291
0.78753
0.73998
0.77784
0.94733
1.0639
0.36616
0.25449
0.20166
0.15448
3.2812
0.093713
1.6186
0.14595
0.11485
0.061997
0.085702
0.084551
0.053023
0.095414
0.069652
0.045827
0.093957
0.065109
0.043454
0.092349
0.055116
0.050713
0.08983
1.3127
0.065068
0.07743
0.025388
0.087333
1.2511
2.0128
0.88534
0.017543
0.086804
1.0294
1.999
0.36535
0.028057
0.086703
0.47917
2.024
0.31671
0.052809
0.070678
0.88672
2.0175
0.096998
0.085901
0.032897
0.23063
2.0113
0.48233
0.069853
0.030513
0.085381
0.55859
5.0246
5.5676
0.21363
0.58868
2.0409
0.56217
0.5931
0.54102
0.30923
0.33119
2.2716
1.4248
1.922
1.672
0.15545
0.15703
0.84934
1.7351
0.20681
0.15809
0.16041
0.18713
0.17563
0.26283
0.28042
0.27725
0.22028
1.7568
0.49432
0.085008
0.13838
0.095711
0.30025
0.095264
0.17275
0.098439
0.17582
0.20339
0.37843
5.0114
4.8904
2.5196
0.22995
1.9568
0.20624
0.17262
0.085603
0.025177
0.083353
0.030536
0.06695
0.059151
0.037746
0.3833
1.1209
0.081634
0.038729
0.057184
0.064168
0.031411
0.080309
0.014744
0.07982
0.037596
0.056932
0.060662
0.032951
0.078816
0.014596
0.078557
0.027651
0.065323
0.049337
0.042672
0.07042
0.021287
0.076838
0.014553
0.076577
0.03243
0.058394
0.052526
0.037803
0.07153
0.017891
1.4744
0.014587
0.074559
1.8395
5.1482
4.5948
3.8078
0.13882
1.6413
0.041039
0.043742
0.067354
0.017386
0.071939
0.017768
0.067252
0.50093
0.95973
0.063982
0.018808
0.069654
0.013397
0.069276
0.033628
0.048556
0.056058
0.025936
0.068836
0.013087
0.068688
0.025782
0.056522
0.048708
0.033023
0.068836
0.013051
0.068369
0.019848
0.061283
0.36945
1.2928
0.69799
0.69607
0.74986
0.79561
0.71049
0.41758
1.6422
2.8238
4.9642
3.5854
0.21784
1.7214
0.37047
2.6146
2.2278
1.666
0.34652
0.39635
0.72382
0.1946
0.21475
0.22501
1.5318
0.30848
0.28748
0.32434
0.31754
0.28645
0.2998
2.6813
0.15045
0.06382
0.055089
0.075184
0.016051
0.06937
0.0287
0.056572
0.057421
0.028262
0.069057
0.015843
0.068631
0.40501
0.97404
0.05991
0.02475
0.068048
0.015932
0.067804
0.025001
0.058409
0.044911
0.038421
0.064837
0.017878
0.067943
1.7196
5.918
2.533
0.17951
1.8319
0.048648
0.062766
0.063108
0.060868
0.024563
0.057593
0.064028
0.03329
0.046237
0.063396
1.3224
0.040387
0.063404
0.040227
0.038968
0.063614
0.037853
0.041369
0.063211
0.034123
0.044941
0.063367
0.029031
0.050244
0.06442
0.021891
0.05771
0.063874
0.015621
0.064278
0.061381
0.018506
0.064536
0.49913
2.6422
1.821
3.7299
2.6904
5.849
5.4851
3.5406
0.20886
1.9756
0.21599
0.62849
1.599
3.5662
0.098656
0.093598
0.064902
0.064002
0.43279
0.99214
0.058434
0.063592
0.062247
0.032717
0.24691
0.032931
0.11389
0.037913
0.052456
0.071279
0.047354
0.036069
0.066888
0.36739
1.0705
0.065703
0.065263
0.027944
0.051449
0.064376
0.03737
0.04177
0.064303
0.043724
0.035244
0.064171
0.047382
0.031252
0.063809
0.049022
0.029492
0.063786
0.049029
0.028973
0.06327
0.047063
0.030803
0.063188
1.3508
3.5157
2.886
0.21996
1.6935
0.12201
0.040411
0.037436
0.063203
0.061669
0.022934
0.056202
0.063117
0.037159
0.040326
1.354
0.051041
0.026732
0.063447
0.063683
0.023681
0.054804
0.063976
0.037578
0.041204
0.064078
0.051462
0.027409
0.064253
0.064626
0.02454
0.054961
0.06485
0.040828
0.038757
0.065039
0.058403
0.024117
0.063161
0.065808
0.037073
0.043566
0.066081
0.057572
0.026338
0.063663
0.066253
0.040089
3.5713
5.3567
3.212
4.8479
1.8664
0.80615
1.7055
0.17048
0.67942
0.69886
0.69849
0.68614
1.1431
2.1975
0.27325
0.26655
0.24573
0.27788
0.28128
0.25492
0.24216
0.18786
0.072702
0.032698
0.058243
1.3262
0.094041
0.21045
0.046579
0.10157
0.047654
0.045352
0.072387
0.051497
0.03387
0.067472
0.060872
0.021538
0.066114
0.065426
0.025703
0.055713
0.065042
0.032658
0.04792
0.064616
0.037504
0.042961
1.2167
7.2213
3.3594
3.1284
0.13468
0.25685
2.3277
0.18467
1.6983
0.10547
3.4581
1.0801
4.7073
4.7155
2.0501
0.25191
0.84764
1.2452
0.22304
0.22244
0.2163
0.8302
0.20239
0.21033
0.18515
1.5591
0.88517
1.099
0.87921
0.72968
0.72179
0.70058
0.67443
0.71811
0.7243
0.68614
0.72058
0.72721
0.76184
0.85066
1.6392
2.0114
3.3063
1.1458
0.64414
0.2363
1.9441
0.75912
0.76107
0.58153
0.64091
0.63081
1.8211
5.964
0.9828
0.063919
1.7843
0.67475
0.67808
0.67568
0.67282
0.64324
0.63881
0.33147
0.15024
0.84148
2.7743
1.1546
0.11846
0.036266
0.080279
0.05572
0.034818
0.07283
0.057446
1.3417
0.069993
0.062133
0.02298
0.069106
0.067657
0.021181
0.064193
0.06852
0.024469
0.059612
0.067808
0.02696
0.056083
0.067526
0.029167
0.053773
0.0676
0.029514
0.053111
0.066828
0.028791
0.053836
0.066566
0.026806
0.055233
0.066431
1.327
1.3976
1.9911
0.17229
0.1879
0.15605
0.15567
1.1416
0.82997
0.36384
0.54639
1.8918
0.51183
0.54891
0.55508
0.51746
0.54847
0.56285
0.52263
0.55535
0.56231
0.51834
0.56447
1.7164
3.0493
0.59002
0.58083
0.3864
0.077007
0.32246
0.5632
0.6076
0.44291
0.62124
1.9172
0.6682
1.1537
3.7951
2.3828
1.9215
0.7236
0.74188
0.72169
0.65498
0.67876
0.66385
0.6059
0.63983
0.63244
1.2189
5.2503
2.9873
0.062089
0.039133
0.073281
0.069321
0.032568
1.4925
0.064861
0.044154
0.034254
0.063782
0.056091
0.021738
0.063513
0.063971
0.021008
0.056469
0.062848
0.0267
0.049204
0.062547
0.032439
0.044359
0.1926
0.060477
0.10232
0.040708
0.07405
0.039162
0.04398
0.066958
0.032639
0.046286
0.064553
1.3736
0.051571
0.063727
0.015358
0.061364
0.0598
0.017071
0.062517
0.044686
0.031428
0.062184
0.027816
0.047867
0.19352
5.6032
3.4753
0.147
0.29087
2.5556
1.9245
0.76797
0.2228
1.532
4.4866
2.0212
0.79374
0.68657
0.5604
0.53392
1.2704
1.1577
0.53988
0.38288
0.077681
0.05621
0.10466
0.13638
0.16829
1.2937
1.1645
0.66644
0.6516
0.59957
0.63506
0.61079
0.57199
0.59923
0.56885
0.54593
0.57412
0.54644
0.54159
1.1504
1.3638
0.25427
0.95301
4.9423
5.1752
4.2955
0.15297
1.8753
0.052956
0.11511
0.54284
0.73058
2.1723
0.71762
0.73471
0.72063
0.26116
2.9821
5.0268
1.3972
0.092541
0.041324
1.3417
0.26121
0.036398
0.043584
0.064158
0.063833
0.028717
0.050666
0.063887
0.052836
0.027146
0.064006
1.4382
0.032366
0.047004
0.063942
0.050219
0.029657
0.063502
0.063444
0.021394
0.057698
0.063312
0.032266
0.04668
0.21411
0.027432
0.96687
4.1204
0.13291
0.24569
0.27363
1.7671
0.30845
0.23525
0.27961
0.28352
0.23321
0.23528
0.24271
0.19686
0.22916
0.23076
1.5154
0.23841
1.8583
0.70459
1.359
2.0551
0.82481
0.81327
1.1331
1.3466
1.2617
3.4344
1.1408
0.20079
0.2442
0.86089
0.51369
0.74718
0.89376
0.73129
2.5349
0.32676
0.37026
1.5866
1.0824
5.4692
3.5051
0.44833
0.24993
3.0432
4.9822
5.1849
5.1136
1.9859
1.589
0.60616
0.22107
0.20983
0.10402
0.78508
0.91717
0.15091
0.13253
0.12916
0.13987
0.13858
0.13119
0.095857
0.087276
0.090427
0.064611
0.051307
0.032278
0.059227
1.8993
0.083082
0.028551
0.052754
0.061271
0.054471
0.024341
0.059337
0.061491
0.040742
0.035896
0.062034
1.5016
0.01785
0.060921
0.060833
0.027837
0.048724
0.061154
0.033576
0.042802
0.060944
0.03353
0.043217
0.061017
0.02719
0.90709
1.5181
1.9451
0.11156
2.3057
0.15614
0.18816
0.2123
0.2
0.19783
0.21679
1.5001
0.19092
0.2079
0.17712
0.20145
0.20801
0.16168
0.20759
0.85216
0.16865
0.40684
0.18832
0.18227
0.20931
1.4877
0.19217
0.20867
0.16174
0.20857
0.20259
0.17013
0.2294
0.27519
4.6272
1.954
0.20434
0.21826
2.4121
4.5457
2.9477
0.27205
0.21706
1.0242
4.8446
0.36968
0.22497
0.98948
4.9031
4.7676
1.8753
2.0086
2.3493
0.061278
0.2544
0.75384
0.24448
0.2784
1.6738
0.24726
0.26062
0.28293
0.26952
0.22731
0.23598
0.24399
0.22913
0.19735
0.42989
0.21086
0.80787
0.92329
0.22757
0.21273
0.172
0.21107
0.21105
0.17653
0.19759
0.19487
0.04108
0.036804
0.062909
0.051457
0.025991
0.062479
0.059034
0.017857
0.0622
0.062033
0.015767
0.060904
0.061663
0.016778
0.059653
0.061427
0.12877
1.9616
0.71362
2.3984
0.64505
1.7383
0.30399
0.21187
0.19319
0.21284
0.19243
0.40675
1.3075
0.19292
0.1823
0.22584
0.18781
0.37921
0.2081
0.24204
0.19152
0.83829
0.4252
0.18905
0.19533
0.21239
0.19237
0.18138
0.21109
0.18518
0.18871
0.21063
1.3655
0.097874
0.10491
0.058072
0.10568
0.11237
2.2933
5.0329
1.5761
1.0109
0.94357
0.21436
1.6198
0.06348
0.089351
0.090758
0.079367
0.056299
0.087878
0.23184
1.036
1.2831
0.10631
0.076932
0.10593
0.38276
1.6698
0.21776
0.23134
0.24871
0.2356
0.21091
0.24438
0.24082
0.20535
0.23278
0.24196
0.21854
0.21799
0.24088
0.22766
0.14175
0.074834
0.069193
0.027133
0.068624
1.3945
0.019982
0.06403
0.063958
0.017372
0.060953
0.06237
0.016177
0.062373
0.062287
0.01602
0.062057
0.057042
0.0208
0.062266
0.046949
0.03136
0.061884
0.033729
0.043947
0.061784
0.017126
2.2452
2.5697
5.7354
0.25681
0.22416
0.23191
0.24164
0.2204
0.22222
1.751
0.22015
0.21667
0.31625
0.21953
1.1283
1.741
1.562
2.7983
0.14372
0.11755
0.072313
1.4592
0.093269
0.068629
0.1084
0.092359
0.25896
4.7956
4.7617
1.4975
0.45936
1.5337
2.9683
0.80876
3.0883
1.3164
1.2101
0.33794
1.7515
0.62006
0.65573
0.6529
0.59604
1.9787
0.62573
0.56584
0.60551
0.59282
0.55257
0.33396
2.3137
0.13064
0.13071
0.08178
0.13309
0.12615
0.1244
0.12039
0.13423
0.1303
0.084936
0.038078
0.049482
0.98855
0.49256
0.04064
0.037718
0.063149
0.063083
0.041123
0.036986
0.062838
0.062619
0.033137
0.044347
0.06243
0.056502
0.022352
0.060578
0.06195
0.034248
0.042721
0.061804
0.047644
0.029206
0.061859
0.056699
0.020281
0.061744
0.061803
0.015104
0.06169
0.061654
0.015122
0.061683
0.97645
4.9454
2.3685
0.21552
0.64015
4.9221
3.4433
3.2659
3.5705
4.8853
0.6739
2.7877
0.66086
1.7762
1.9898
3.193
6.1583
5.348
4.9379
0.41058
0.084496
1.2512
0.47239
0.032074
0.074254
0.09591
0.085237
1.5554
0.039407
0.074593
0.074512
0.034949
0.063474
0.074634
0.19117
0.6256
0.70304
3.9023
5.8188
3.9344
1.2351
2.599
0.58708
0.87589
4.9923
1.2151
0.61858
0.59023
0.62545
0.61619
0.80775
1.7828
0.42228
1.6204
0.078187
0.08361
0.050999
0.059361
0.077238
0.049369
0.055242
0.076571
0.048474
0.055891
0.078672
0.047677
0.058843
0.076124
0.11464
1.5579
0.94931
3.5898
0.25461
0.24746
0.2389
0.19132
0.23965
0.23956
0.19191
0.23919
0.23992
0.19317
1.0213
0.74979
0.07355
0.062793
0.054819
0.022652
0.062003
0.042806
0.033906
0.061522
0.026461
0.04996
0.061396
0.014944
0.061344
0.043702
2.7271
3.7589
3.4704
2.128
0.14069
0.044919
0.033932
0.061659
0.037931
0.038704
0.061641
0.026554
1.3565
0.061863
0.015208
0.061783
0.052966
0.023717
0.061959
0.035841
0.040871
0.061944
0.01635
0.060839
0.057182
0.020043
0.062299
0.038548
0.038626
0.062512
0.018491
0.058921
0.05856
0.018847
0.062651
0.038383
0.039336
0.062502
0.016269
1.4696
0.056032
0.021301
0.06251
0.033556
0.043859
0.06236
0.014951
0.062614
0.047156
0.030648
0.062648
0.02063
0.056921
0.056918
0.020742
0.062569
0.028786
0.048749
0.062376
0.014969
0.062394
0.033059
0.044258
0.062218
0.014973
0.062358
0.035057
0.042281
0.062334
0.015047
0.19528
0.029176
0.11651
0.014973
0.073314
0.044403
0.039137
0.065917
0.014927
0.064458
0.044327
0.034873
0.06382
0.015044
0.063467
0.040696
0.037288
0.063124
0.014878
0.062769
0.031931
0.045821
0.060689
0.016996
0.062354
0.01871
0.058568
0.047251
1.4943
0.062168
0.014908
0.062288
0.030329
0.046891
0.05615
0.020931
0.062062
0.01487
0.062163
0.035616
0.041409
0.061041
0.016246
0.062281
0.014922
0.062007
0.039623
0.037803
0.062294
0.014953
0.0622
0.020449
0.056714
0.047117
0.030028
0.06268
0.015051
0.062829
0.034474
0.0434
0.06311
0.014929
0.072761
0.25433
1.8469
1.1435
5.7811
4.3304
4.8686
0.31715
0.23941
0.65178
0.63112
1.6838
0.18331
2.3519
4.9185
4.9118
3.1327
0.064297
1.7391
0.07482
0.029964
1.2432
0.31231
1.5512
0.08684
0.082767
0.1101
0.10426
0.06533
0.094188
0.065818
0.030187
0.051972
0.065558
0.040724
0.040568
0.065443
0.050234
0.031233
0.065177
0.29786
1.1521
0.064878
0.064524
0.016044
0.065184
0.064512
0.021313
0.05882
0.064363
0.024047
0.056009
0.064789
0.024673
0.055469
0.064038
0.024032
0.056093
0.064011
0.021873
0.52868
1.0309
2.7725
0.30712
1.6624
0.16916
0.12618
0.12511
0.1501
0.1372
1.8622
0.14719
0.14818
0.31604
0.15905
2.1606
0.46244
0.65947
0.68269
2.022
0.60691
0.59397
0.47079
0.11203
0.091211
0.079904
0.064728
0.22881
0.75223
0.71002
0.73295
0.74698
0.73875
1.9539
0.68242
0.66471
0.63961
0.65678
0.63453
0.59333
0.62646
0.67463
0.69159
0.73749
0.72164
0.6779
0.62259
2.5997
4.6095
0.097539
0.068537
0.063733
0.056301
0.02237
0.42126
2.2479
0.35855
0.13444
0.13566
0.092283
0.12593
0.13555
0.10035
0.11796
0.13392
0.095684
0.085268
0.10936
0.090286
0.078622
0.1081
0.094039
0.072277
1.4522
0.12469
2.0251
0.10853
0.10434
0.063263
0.10852
0.10904
0.017291
0.064312
0.06475
0.018106
0.060861
0.064288
0.020037
0.059044
0.064309
0.020508
1.6146
1.426
3.8808
0.12279
0.063979
0.047826
0.030811
0.064404
0.049796
0.028936
0.064409
0.050559
0.028257
0.1192
1.2091
4.546
0.19423
0.18024
0.16168
0.34906
0.11966
0.22573
0.13614
0.18127
0.1526
1.5295
0.17372
0.14947
0.13998
0.17134
0.15081
0.13745
0.17056
0.15409
0.13392
0.17054
1.6838
5.2875
4.8845
4.5403
5.3677
3.9191
3.3998
2.7879
1.9536
1.92
1.7601
2.2774
0.73965
0.75734
1.238
2.0443
3.3983
0.33244
0.041007
0.095112
0.063028
0.046963
0.088238
0.36097
1.0328
0.08229
0.044827
0.05329
0.07889
0.042233
0.053387
0.077107
0.042003
0.051642
0.075443
0.043537
0.049434
0.074311
0.044406
0.047521
0.0737
0.046659
0.04441
0.073057
0.047626
0.042752
0.071862
0.051394
0.037828
0.071182
0.054114
0.034649
0.070649
0.055821
0.032804
0.070099
0.054252
0.033443
0.069628
0.052038
2.1266
1.4714
2.8358
1.0547
0.24077
0.3189
2.7225
4.8355
2.5117
0.050853
0.046254
1.0567
0.62768
0.067486
0.04546
0.039539
0.066997
0.18585
0.080632
1.0107
1.7041
0.20536
0.066716
0.066697
0.088448
0.081102
0.050448
0.071163
0.084052
0.069307
0.045583
0.08323
0.082847
0.048649
0.06378
1.3612
0.06316
0.68857
1.0062
4.6089
2.1096
1.7602
0.79447
2.2261
0.73551
0.73863
0.73443
0.72953
0.66636
0.2201
0.94174
5.2109
4.2091
2.5507
0.63881
0.60325
0.77825
3.2365
2.6978
2.4569
1.2215
2.6175
0.6868
3.5864
0.65284
0.40487
0.16374
0.093421
0.064582
0.044077
0.045082
0.055549
0.064011
0.06415
1.3236
0.039394
0.050213
0.064038
0.063864
0.046814
0.033966
0.061039
0.063488
0.05613
0.031609
0.053708
0.062962
0.056502
0.028096
0.055682
0.062506
0.046612
0.030508
0.062212
0.061908
0.028102
0.04853
3.1851
3.3219
0.10053
0.047878
0.062533
0.05667
0.021308
0.061316
0.062308
0.027498
1.3254
0.062558
0.034951
0.042334
0.062789
0.048104
0.20239
0.062154
0.091526
0.049521
0.042273
0.071768
0.038821
0.044941
0.067376
0.034217
0.047591
0.066739
0.030418
0.050433
0.066238
0.026464
0.054063
0.066113
0.021381
0.059137
0.065934
0.015398
0.06515
0.063043
0.017561
0.066023
0.056759
0.023974
1.3596
0.050744
0.032778
1.4484
2.6844
0.16648
0.11588
3.3959
5.1144
0.33742
0.059986
0.065909
0.03157
1.1159
0.4642
0.035057
0.045521
0.065812
0.03614
0.044086
0.065436
0.035882
0.044473
0.065496
0.033223
0.046888
0.065609
0.028311
0.051653
0.065211
0.022299
0.057363
0.065008
0.014634
0.065166
0.060573
1.3749
0.065034
0.051106
0.028398
0.064562
0.040024
0.038992
0.064122
0.027113
0.05159
0.064019
0.014728
0.063907
0.054127
0.024424
0.5499
0.16411
4.3865
3.8991
0.11611
0.052642
0.063926
1.4638
0.063773
0.050608
0.027609
0.063483
0.030741
0.047141
0.063279
0.014891
0.063388
0.048639
0.029226
0.063413
0.027119
1.3974
0.063547
0.014751
0.063679
0.044587
0.033822
0.064098
0.023866
0.054703
0.063417
0.015109
0.06404
0.045302
0.033531
0.064211
0.12835
0.77154
3.4748
2.0906
2.0446
2.0419
1.4192
0.76292
0.77836
1.4631
1.3456
0.54734
0.18219
0.20329
0.22046
0.22142
1.492
0.097537
1.605
0.18503
5.6499
5.4545
1.8895
2.1179
0.23551
0.23451
0.22663
0.20549
1.6198
0.24163
0.092259
0.027148
0.063864
0.064272
0.040196
0.040396
0.064152
0.053597
0.025894
0.063912
0.063807
0.6236
0.78697
0.063576
0.018852
0.061002
0.063928
0.016061
0.064224
0.058056
0.021633
0.06386
0.048701
0.030786
0.063526
0.034258
0.045474
0.063433
0.017592
0.061171
0.058351
0.020891
0.063034
0.037903
0.040952
0.81606
0.86576
1.7324
0.092089
0.12664
1.8307
1.5046
0.076928
0.11054
1.4967
0.08439
0.091938
0.11163
0.089783
0.087372
0.11214
0.0882
0.1364
0.11225
0.086132
1.4104
0.10156
0.11224
0.075559
0.1741
1.4044
0.12014
0.13636
4.8183
3.2616
0.12139
1.6628
0.11311
0.11209
0.11069
0.10951
0.10834
0.10683
0.10582
0.28717
0.080331
0.17013
0.10846
0.10476
1.6
0.26445
0.28809
0.25904
0.96082
0.66913
0.049468
0.048433
0.064266
0.063524
0.063256
0.056217
0.04288
0.040843
0.062477
0.062738
0.085843
0.077476
0.069453
0.097176
0.1257
0.15473
0.13118
0.13674
0.15329
0.152
0.1246
0.093292
0.72989
0.71726
0.045964
0.037862
0.06204
0.061641
0.030148
0.047473
0.061514
0.051613
0.025364
0.061249
0.061493
0.026313
0.050744
0.06172
0.03498
0.042072
0.061234
0.040592
0.037819
0.061314
0.039763
0.037793
0.061321
0.035611
0.043076
0.061274
0.051907
2.7605
3.4256
5.6483
4.5353
0.21903
1.8694
0.92456
1.6844
1.943
0.50538
5.2592
1.4733
2.1091
1.273
0.17665
1.8022
0.20078
0.19143
1.103
0.061957
0.47485
2.6486
0.062073
1.3933
0.058834
0.64944
2.0976
0.059102
0.060076
1.6997
0.59448
0.062032
1.2962
0.032851
0.94347
0.46992
0.089479
0.9703
2.0417
1.3788
0.4513
1.9343
1.2818
0.46102
1.7786
0.51913
0.52554
3.6892
2.1813
5.7279
5.0027
0.87815
2.8456
4.0554
5.0117
2.7719
5.0764
4.3518
0.28538
0.98717
1.01
0.11236
0.11167
0.11121
0.075212
0.11174
0.073598
0.077034
0.10654
1.5119
0.067291
0.1024
0.077937
0.065588
0.067589
0.093792
0.077654
0.061098
0.05906
0.084548
0.085701
0.058847
0.056734
0.065323
0.081378
0.077038
0.05379
0.052174
0.067301
0.17922
2.6751
2.7206
1.262
0.13866
0.10426
0.12431
1.5265
0.09181
0.096861
0.12187
0.18368
1.7361
0.32838
0.23669
0.73027
0.48578
1.1371
3.4274
2.5676
0.060606
1.4414
1.4416
0.046072
0.072877
0.1073
0.066251
0.060578
0.091748
0.10172
0.16089
0.18504
0.79508
0.80704
0.13691
0.12466
0.072768
0.11282
0.1033
0.051834
0.093822
0.079411
0.10132
0.23379
0.23747
0.21414
3.5652
4.8291
2.601
0.22199
1.9149
0.095819
0.05546
0.069846
0.11824
1.3811
0.12186
0.11284
0.83155
2.8606
3.7018
0.16164
0.14832
0.15388
0.053279
1.4629
0.080288
0.026647
0.077268
0.065547
0.026449
0.070307
0.048927
0.038031
0.069201
0.030922
0.054736
0.068644
0.016488
0.069557
0.046429
0.038453
1.1673
0.24321
0.06748
0.052278
0.032577
0.067803
0.016388
0.068493
0.048031
0.036446
0.067226
0.74604
4.3656
2.0447
0.33432
0.049957
0.062592
0.016489
0.055402
0.86981
0.53344
0.043597
0.018408
0.065168
0.015888
0.067556
0.027478
0.3075
0.4822
0.045991
0.068167
0.051271
0.031527
0.2662
0.032804
1.4133
0.02168
0.080139
0.055038
0.035021
0.072653
0.039979
0.045963
0.069734
0.028451
0.055722
0.06833
0.015037
0.068754
0.058661
0.024822
0.19289
5.3119
1.1976
2.266
0.70141
0.49271
0.25762
4.9692
4.9817
1.865
0.25951
1.9079
4.4585
4.2485
0.080558
0.28933
1.0218
1.6434
0.30912
0.2594
0.28319
0.2782
0.22985
0.2552
0.25558
1.5932
0.24238
0.24266
0.19022
0.23988
0.23154
0.19705
1.9406
0.055257
0.027941
0.067054
0.048036
0.035436
0.067352
0.038312
0.045223
0.066888
0.027349
0.056191
0.066717
0.016046
0.066733
0.058176
0.024547
0.06668
0.068021
0.02445
1.4217
0.064432
0.017644
0.06577
0.061663
0.028959
3.0292
1.8617
0.058162
0.023749
0.065869
0.064516
0.0172
0.065052
0.065237
0.015697
0.064902
0.14173
1.2507
0.064719
0.057136
0.023381
0.064832
0.050579
0.03042
0.064747
0.042177
0.038347
0.065278
0.033622
0.047326
0.065193
0.025724
0.05569
0.065509
0.017488
0.064054
0.06369
0.017494
0.065637
0.099496
0.78793
1.8967
2.5864
1.977
0.81224
0.28134
0.22067
0.2732
0.181
0.42614
0.64497
0.65271
2.3655
4.8982
4.867
1.4923
1.9364
0.066712
0.06006
0.030823
0.073107
0.081446
0.52895
1.1297
0.078126
0.071872
0.022008
0.064029
0.065393
0.026686
0.053423
0.065154
0.03478
0.045471
0.065021
0.03987
0.040158
0.064808
0.043569
1.447
0.064661
0.044761
0.034597
0.064307
0.044037
0.035173
0.063984
0.040876
0.037859
0.063917
0.035584
0.043102
0.063888
0.027739
0.050413
0.063289
0.017014
0.064142
3.62
4.8161
3.3544
5.0016
1.5504
0.045551
0.071386
1.5718
0.050554
0.024703
0.060863
0.060461
0.023102
0.051961
0.060872
0.026184
1.4251
0.061022
0.024441
0.051259
0.06097
0.01897
0.057139
0.061267
0.014677
0.061609
0.05595
0.02033
0.061743
0.047767
0.029151
0.062118
0.038944
0.037936
0.061964
0.031944
0.045081
1.3965
0.025926
0.05152
0.062786
0.020586
0.056957
0.063468
0.017324
0.060676
0.063004
0.016622
0.061347
0.22655
1.141
5.3567
5.3271
0.73957
0.13856
1.9149
0.13039
0.19941
0.10251
0.13626
0.13696
1.4858
0.1152
0.1339
0.11173
0.10325
0.11884
0.11944
1.9077
1.4055
0.064429
0.048562
0.030426
0.063771
0.058533
0.022434
1.4167
0.060722
0.017823
0.063572
0.062408
0.015424
0.062809
0.062763
0.014914
0.062523
0.060543
0.016749
0.062431
0.055944
0.021183
0.061939
0.048567
0.02822
0.061648
0.038654
0.03761
0.061312
0.7338
0.79315
2.1008
0.82639
0.1869
0.16662
0.17903
1.5287
1.3581
3.7116
0.16374
0.15292
1.8157
3.0126
0.083314
0.39603
2.4181
0.082017
2.045
0.19238
0.061103
0.047983
0.1684
0.1152
0.11428
0.11367
0.11309
0.11957
1.3491
0.3638
0.11024
0.10948
0.12115
0.57677
4.7453
3.7522
0.10162
2.4356
1.4903
1.874
2.2426
0.88483
0.65856
2.04
0.47315
0.4493
2.1291
0.55574
0.55593
0.57037
0.55599
0.51674
0.4532
1.622
0.10543
0.82811
0.30238
0.27766
0.26063
0.28499
0.26361
0.23872
1.5191
0.25947
0.20965
0.2463
0.90807
1.9078
0.20687
0.118
0.057212
0.050033
0.077694
0.067391
0.039434
0.077342
0.075907
0.030428
0.076878
0.076568
0.033829
0.070828
0.075909
0.034702
0.06779
1.0821
0.30293
0.064384
0.067923
0.81291
0.67955
0.064604
0.016452
0.063634
0.055504
0.023971
0.063413
0.044394
0.035104
0.063302
0.03138
0.048079
0.063319
0.83204
2.5444
1.7536
0.072289
0.12829
4.246
4.7339
2.1927
0.071867
1.6432
0.35823
5.0301
1.4739
0.48062
1.5556
0.041073
0.083246
0.12738
0.090492
0.11342
0.22188
1.3456
0.11373
0.12573
0.087526
0.11688
0.12583
0.080159
0.12395
0.12615
0.21733
0.52896
2.077
4.5077
0.26819
2.7725
1.7415
1.4831
2.0221
0.2453
0.21714
0.2864
4.1324
5.1128
5.5464
1.0824
2.6032
0.50195
3.6219
0.88888
0.16662
0.16882
1.6534
0.10776
0.14544
0.14617
0.10786
0.10754
0.57423
1.0547
0.10036
0.12344
0.049268
0.029517
0.063337
0.049188
0.028718
0.062857
0.045952
0.031952
0.062513
0.038602
0.038841
0.062278
0.027881
1.3562
0.062234
0.01501
0.062052
0.055439
0.021373
0.062011
0.037324
0.039282
0.061804
0.014856
0.061426
0.053312
0.02291
0.061704
0.028033
0.047967
0.060941
0.014763
0.060818
0.035547
1.1481
3.3377
4.6458
4.7786
0.21966
4.4981
0.90151
0.049388
0.062741
0.073512
0.027012
0.073668
1.3575
0.03055
0.073133
0.057434
0.042916
0.073538
0.053807
0.54211
0.59944
0.51738
0.14642
0.14713
0.091489
0.12461
0.11639
1.473
0.62271
0.63505
0.65009
1.6608
2.8296
3.7168
2.9133
0.88594
1.2191
0.6845
1.9948
0.58445
0.57757
0.58152
0.5207
0.17167
0.14765
0.92867
2.7507
0.061908
0.061918
0.019934
0.057076
0.062579
1.3197
0.061469
0.061611
0.016124
0.062988
0.045092
0.032716
0.063043
0.02128
0.056721
0.058223
0.044277
2.0909
0.063381
0.037368
0.23837
0.03125
0.11276
0.023703
0.06718
0.059479
0.025841
0.068068
0.063732
1.3123
0.065346
0.014933
0.065159
0.035232
0.044789
0.064447
0.015077
0.064278
0.019743
0.059281
0.045867
0.033101
0.06402
0.014841
0.063937
0.019208
0.41379
6.2426
5.4955
1.956
1.4943
1.2266
0.18472
1.657
0.089892
0.1139
0.06472
0.11414
0.074391
0.10457
0.10193
0.076742
1.2637
0.58689
1.6325
2.6575
0.65809
0.62214
0.21284
0.20246
1.9518
0.62633
0.60327
0.6619
0.63857
0.19735
0.73785
0.87105
0.83323
0.84207
0.83107
0.78148
0.81274
3.3558
1.9822
1.4492
0.79458
0.76068
0.75715
0.78743
0.78921
0.74761
0.73284
4.3992
5.52
0.67241
0.84853
2.4513
0.56532
0.58351
0.58023
0.54775
0.62828
0.63529
0.34671
0.13946
1.4772
0.086131
0.8315
3.3281
0.936
2.2588
0.088202
0.067402
0.066966
0.062811
0.037197
0.050579
0.74044
0.77462
0.039181
0.045317
0.065646
0.06568
0.033331
0.049847
0.065932
0.053216
0.029772
0.066123
0.065718
0.03026
0.052773
0.065871
0.10359
0.12633
1.4468
0.75852
3.8035
0.23341
0.12597
0.028957
0.066086
0.050092
0.032673
0.065148
0.028534
0.053737
0.064793
1.3005
0.064886
0.040021
0.041824
0.065051
0.017199
0.065177
0.050086
0.032364
0.065393
0.02447
0.058283
0.062077
0.02082
0.065548
0.038599
0.044096
0.065783
0.017126
0.065853
0.056399
0.027952
0.067234
0.037498
0.046172
0.67139
2.115
3.1822
2.0237
1.602
0.76265
0.61502
0.77961
0.75016
0.75537
0.77312
0.73439
0.93986
1.7224
1.672
3.3565
0.54672
1.6063
0.22788
0.29952
1.9521
2.2155
2.0346
0.72602
2.4361
1.3724
1.3694
4.7953
4.9548
1.4536
0.72905
1.3883
0.1929
0.13201
1.4718
0.071404
0.066029
0.056814
0.050568
0.048487
0.067441
0.066714
0.060694
0.036731
0.050356
0.065442
1.3572
0.028629
0.053673
0.06526
0.045601
0.035652
0.065259
0.055189
0.02634
0.065294
0.057369
0.023898
4.1184
4.3656
1.6615
0.70194
0.080854
0.06609
0.033526
0.048146
0.065661
0.06002
1.3282
0.058306
0.22377
0.033622
0.11859
0.040817
0.079957
0.062672
0.029513
0.071896
0.071367
0.03114
0.054749
0.069167
0.045208
0.03966
0.068281
1.376
0.026098
0.067813
0.068087
0.027068
0.057308
0.068016
0.037917
0.66194
1.598
4.6129
5.363
1.4506
0.77781
0.8583
2.164
0.76508
0.67191
4.343
0.64991
0.633
0.67527
0.75416
0.75347
2.2739
0.81786
3.3772
1.4481
0.048516
0.066757
0.045528
0.037626
0.06594
0.047132
0.035296
0.065252
0.043478
0.037918
0.065036
0.03831
0.043852
0.47487
0.89006
0.051783
0.064927
0.017198
0.06453
0.062296
0.020177
0.06543
0.046713
0.036904
0.064441
0.028401
0.051941
0.064038
0.016193
0.064036
0.046847
0.033163
0.063619
0.022681
0.057402
0.059071
0.020842
0.063558
0.030782
0.049202
0.78755
5.5511
2.3091
0.4309
1.778
0.046096
0.066504
0.078787
0.055463
0.050813
0.076459
0.050152
0.054641
1.3692
0.030703
0.073192
0.06808
0.036714
0.076072
0.036579
0.067304
0.070153
0.29739
0.16476
0.18357
0.20811
0.56862
0.74311
0.74936
0.72303
0.7142
0.89721
1.9425
0.76124
0.6568
0.70576
0.68324
0.64242
0.70003
0.31719
2.9836
1.4948
0.8713
0.24661
0.2611
0.43129
0.75275
0.78592
2.0154
0.51668
0.84448
4.9942
4.909
1.0361
1.9023
0.029452
0.058619
0.096689
0.097877
0.11131
3.2413
5.0895
0.12708
4.4254
1.548
0.23744
0.19966
0.21389
1.4964
0.044561
0.039407
0.066731
0.0596
0.023419
0.066646
0.066598
0.029912
0.052512
0.066248
0.041081
1.3734
0.066061
0.0506
0.031684
0.065759
0.058547
0.02346
0.065701
0.064527
0.018216
0.06445
0.065416
0.022503
0.059106
0.0651
0.026079
0.055101
0.89161
5.493
1.1293
1.7655
0.035166
0.053948
0.065044
0.044716
0.036084
0.064674
0.051478
1.1633
0.28198
0.047742
0.033507
0.065242
0.053837
0.027394
0.064956
0.060078
0.02101
0.064991
0.065013
0.020166
0.061276
0.065266
0.027486
0.054051
0.065271
1.3663
0.04696
0.065273
0.042354
0.039297
0.065861
0.050747
0.031048
0.36036
0.85343
0.93899
1.8922
0.83178
0.72666
0.73055
0.67642
0.6845
0.63056
0.64498
0.64715
0.71864
3.9462
5.1909
1.0276
1.8303
0.48186
3.8292
0.068567
0.068904
0.029099
0.056592
0.067937
0.043073
0.042662
0.068266
1.4455
0.028813
0.067994
0.067317
0.024824
0.060104
0.067572
0.035313
0.049263
0.067148
0.044191
0.040263
0.067223
0.051731
0.032309
0.066411
0.057062
0.026577
1.382
0.061154
0.022939
0.065776
0.06226
0.021561
0.065601
0.061908
0.020933
0.065791
0.060693
0.022254
0.064994
0.056747
0.02563
0.064917
0.05096
0.031146
0.064783
0.049601
0.044493
1.3425
6.3218
1.8616
0.19386
1.7899
0.21663
0.36164
0.37523
0.11966
1.5928
0.085966
0.26968
4.8343
2.5015
4.2061
2.8974
1.1338
1.5259
0.57614
0.61605
0.65583
0.60158
0.5974
1.8827
0.60649
0.60821
0.57561
0.45508
0.18633
0.087894
0.053806
0.095513
0.095927
0.055153
0.087208
0.096359
0.066243
0.076439
0.097337
0.079278
1.7237
0.76249
0.74219
0.73551
0.77292
3.8871
5.9632
4.1393
3.7784
0.34471
0.094561
0.82315
0.92799
0.059709
0.094822
0.08391
0.03775
0.073744
0.075531
0.034651
0.059673
0.070536
0.73551
0.72384
0.069736
0.045787
0.041368
0.069311
0.049573
0.036772
0.068574
0.05286
0.033009
0.06821
0.055112
0.029979
0.067858
0.055782
0.029084
0.067322
0.054398
0.030431
0.067947
0.050416
0.034438
0.066869
0.044202
0.039654
2.1678
0.13914
0.1537
3.3223
3.3412
3.8293
3.703
0.34118
0.58902
2.0047
0.54358
0.54942
0.57347
0.54221
0.56342
0.58445
0.54078
0.58598
1.9284
0.54778
0.59677
0.57871
0.57481
0.60405
0.56542
0.60509
0.60642
0.56932
0.61726
0.59442
0.60153
0.62797
0.58192
0.62422
1.9752
0.58978
0.32045
1.1025
5.2941
2.5719
2.0949
1.5499
2.6036
0.85919
0.84291
0.84969
0.80271
0.8384
0.80585
0.86608
2.1223
2.9315
6.9784
3.5428
1.9959
2.1038
1.2802
0.11725
1.8504
3.2199
2.3311
2.432
4.8505
1.6643
3.4038
2.6531
5.2039
4.2026
0.7872
2.5194
5.5741
3.1813
0.32482
0.098983
1.7025
0.072274
0.11707
0.070792
0.089949
0.095094
0.067664
0.095599
0.087011
0.064594
0.084322
1.4738
0.061969
0.06529
0.099241
0.071062
0.05737
0.079811
0.092227
0.054164
0.05472
0.090417
0.073523
0.049653
0.069899
0.087057
0.21311
3.3516
3.6345
0.16455
0.27454
2.3928
0.35089
0.67848
0.79366
0.65317
0.68463
0.67145
0.62894
2.0637
0.88109
0.78253
0.32878
0.7072
0.64105
0.62913
0.14418
0.11205
0.39587
1.9401
0.66012
0.38138
0.21055
0.24045
0.6646
0.74588
0.47871
0.5199
0.76549
0.74345
0.79323
0.80658
2.1403
2.931
2.003
1.0347
0.78328
0.71944
2.1157
0.64552
0.65795
0.63651
0.6101
0.64301
0.68318
2.2263
2.5044
0.7137
0.59911
0.61148
0.98507
1.0854
2.1502
3.9714
2.7823
0.85987
0.80173
0.19606
0.23318
0.25571
4.4327
0.46014
0.22735
0.19214
0.059436
0.068031
0.045172
0.039141
1.1827
0.39441
0.02872
0.067814
0.063454
0.021764
0.067607
0.067353
0.021238
0.062071
0.067213
0.025479
0.057819
0.067017
0.028154
0.054979
0.067008
0.029254
0.054281
0.067503
0.028696
0.7336
3.3573
2.2979
0.19969
0.0671
0.07117
0.060824
0.20079
0.066652
0.095488
0.049656
1.3353
0.078976
0.028144
0.064153
0.068737
0.021932
0.072887
0.051813
0.037054
0.072091
0.032737
0.05526
0.071491
0.016112
0.071478
0.050797
0.036847
0.071421
0.027379
0.060417
0.064578
0.022992
0.07139
1.3375
0.048158
0.084189
0.43742
1.5527
2.0448
1.7417
0.74372
0.7522
0.34047
4.0217
3.2259
0.18647
0.17324
0.48451
0.676
2.61
5.3792
3.8354
2.5746
4.7192
1.1584
0.16107
0.11494
0.1366
0.20115
0.99522
0.91314
0.40846
5.228
2.4155
0.24761
0.20777
0.23527
1.6943
0.042537
0.058423
0.0695
0.024738
0.062077
0.06921
0.019662
0.066427
0.067526
0.0188
0.069296
0.061634
0.025052
0.06895
0.056016
1.4652
0.069428
0.048868
0.037591
0.068949
0.041362
0.044593
0.068926
0.032716
0.05406
0.069051
0.022787
0.063219
1.1192
3.6296
1.9822
0.066861
0.021536
0.066591
0.070597
0.021971
0.064804
0.069823
0.019812
0.066528
0.068514
0.018069
0.47627
0.97642
0.20658
0.067867
0.090051
0.05287
0.049351
0.079262
0.032686
0.06105
0.074429
0.018556
0.072233
0.06387
0.026691
0.07258
0.053922
0.035611
0.072416
0.044459
0.044984
0.072156
0.5685
0.81467
1.5427
3.4236
1.7685
0.98271
0.74666
0.70183
0.72634
0.60728
0.58303
0.5926
0.55527
0.54972
0.569
1.5112
5.2837
5.2737
0.20582
0.19891
1.8707
0.19114
0.21859
0.22746
0.21608
0.18195
0.22282
0.20887
0.18646
0.17452
0.054124
1.4442
0.068019
0.056247
0.030147
0.067227
0.048544
0.036122
0.0674
0.037338
0.047119
0.066756
0.021102
0.063046
0.061822
0.022428
0.066867
0.042162
0.041953
0.066221
1.2979
0.13897
0.056998
0.026241
0.065813
0.03057
0.052789
0.064908
0.018391
0.44685
3.9791
2.123
2.1136
0.069489
0.065332
0.017586
1.4322
0.050694
0.032909
0.064756
0.019467
0.06348
0.05354
0.029423
0.064674
0.017354
1.364
0.045059
0.047031
0.77783
0.41802
0.24602
0.26189
1.4075
0.059951
0.077086
0.030659
0.073832
0.071207
0.032127
0.10377
3.5073
0.1106
0.20675
0.15505
0.1036
0.072643
0.48887
2.2057
2.0959
1.9543
2.6384
2.4591
0.75065
0.77617
0.64665
0.57462
0.8078
4.7574
4.7582
4.7883
2.9146
0.81333
1.2527
0.06697
0.040612
0.044028
0.066539
1.5729
0.030517
0.066228
0.062137
0.02112
0.066058
0.065676
0.017982
0.064021
0.066067
0.018351
0.064178
0.065063
0.37521
1.101
0.059024
0.022082
0.064929
0.047307
0.034072
0.064951
0.030792
0.050203
0.064474
0.016574
0.064551
0.04691
0.033838
0.064073
0.018307
0.062246
0.052771
0.027654
0.063952
0.01717
0.063259
0.048146
4.4295
5.4607
3.6917
2.5222
0.018923
0.06431
0.063403
1.5045
0.063276
0.046609
0.033239
0.063168
0.016377
0.063304
0.050614
0.02942
1.095
0.36884
0.06389
0.043482
0.037291
0.064062
0.016454
0.064549
0.031983
0.049017
0.061178
0.019904
0.064907
0.022382
0.05898
0.053172
0.02848
0.065329
0.016292
0.065552
0.049361
0.032603
1.3882
0.44798
4.8981
6.0581
5.0384
0.74177
2.2027
2.2775
0.6213
0.62308
0.61194
0.57818
0.60958
0.60836
0.5691
0.42714
1.4916
0.066022
0.28992
0.20284
1.7513
0.25305
0.9191
0.26278
0.2492
0.2505
0.26122
0.20491
0.23694
0.23463
0.1905
1.4889
2.0416
0.46283
0.071217
0.031188
0.054373
0.068141
0.017452
0.068777
0.051992
0.034121
1.3096
0.029578
0.055242
0.067512
0.017094
0.067551
0.047011
0.037577
0.067532
0.023853
0.060652
0.062092
0.022242
0.067537
0.037848
0.046158
0.067332
0.017272
0.066982
0.050261
0.033841
0.067069
0.02425
1.534
2.4177
2.371
0.2061
2.8679
0.46008
0.20572
0.24885
0.48903
4.3836
3.8252
1.3856
1.7833
2.2407
1.3915
0.12658
0.15537
1.73
0.25636
1.1593
1.0432
1.0449
2.6674
0.22265
0.63386
2.0264
0.6141
0.61712
0.56956
0.62156
0.6195
0.59898
0.63846
0.60223
0.8146
2.7816
5.4766
1.15
0.78921
0.77757
0.73951
0.22037
2.7691
0.77884
0.74626
0.73978
2.8605
0.64533
0.60959
0.58648
0.40163
0.36254
0.67497
0.74213
0.11597
0.10223
3.1861
0.11056
0.061846
0.037956
0.071801
1.359
0.072599
0.050397
0.069772
0.054227
0.031247
0.069078
0.068621
0.031602
0.05324
0.068497
0.048058
0.036602
0.068402
0.061679
0.023018
0.068158
0.068219
1.3793
0.056217
0.068243
0.035182
0.04892
0.068063
0.039714
0.044441
0.067759
0.04211
0.041981
0.067686
0.041601
0.042121
0.067849
0.079496
2.6688
4.5252
1.0329
1.6068
2.5204
0.8526
0.76961
0.59139
0.61025
0.61482
1.9046
0.57746
0.60206
0.60657
0.58871
0.58901
0.618
0.60818
0.57146
0.61522
0.61545
0.58296
0.63504
1.8816
0.59419
0.65484
0.26916
0.17963
0.37336
0.78193
0.79507
0.86239
0.94269
2.9123
1.7483
2.693
2.7857
0.76339
0.7396
0.7139
0.69531
0.72029
0.71084
0.67306
2.0488
0.41188
0.38603
0.71864
3.4967
1.0093
1.9956
5.3731
6.3273
3.5894
4.1395
4.0947
5.0117
2.0535
1.3969
0.74721
0.45894
3.0673
0.14829
0.086709
0.055833
0.039937
0.064069
1.4243
0.055724
0.036049
0.0662
0.070363
0.04799
0.038693
0.069867
0.069843
0.035667
0.049448
0.069048
1.3403
0.027262
0.069019
0.06976
0.035478
0.05
0.068673
0.049958
0.034543
0.068351
0.062808
0.023579
0.066109
0.067922
0.028814
0.076022
2.1169
5.2173
5.9835
5.4325
1.7107
2.4988
0.66815
0.65842
0.65028
0.64038
2.2224
0.65942
1.0618
0.8138
2.3308
0.83834
0.74928
0.66798
0.68661
2.1165
0.65996
0.68044
0.68736
0.66386
0.67039
0.68855
0.68206
0.66336
0.70785
1.3599
0.81435
2.0905
0.77422
0.79026
3.5501
1.0281
0.756
2.5228
1.1329
1.1035
0.79048
0.90285
0.75194
0.76654
3.2934
4.7564
0.82794
0.79022
0.65348
0.6355
0.62165
1.765
0.78343
0.60282
0.58182
0.56204
0.59258
0.72176
4.4114
0.092448
0.073798
0.024979
0.067963
0.056271
0.028022
0.068407
0.051592
0.033293
0.16148
1.2653
0.039456
0.068443
0.037313
0.047674
0.068554
0.026553
0.057918
0.068293
0.016069
0.068364
0.055996
0.028242
0.068007
0.041174
0.043283
0.068202
0.023352
0.060992
0.064161
0.020468
0.068339
0.04578
0.22097
4.464
3.3557
0.11785
0.067844
1.4707
0.043023
0.067083
0.060364
0.022629
0.06698
0.066367
0.016746
0.067088
0.066221
0.82295
0.5659
0.06213
0.021418
0.067388
0.093071
1.0836
0.70771
1.8192
0.79145
0.58214
0.59386
0.61663
0.60876
0.58544
0.62838
0.62908
0.58607
0.61556
0.63038
0.60308
0.61435
0.7118
0.83257
0.82858
2.1781
1.1985
0.85606
0.84968
0.86786
0.6076
1.9755
2.752
0.72389
5.0177
5.3335
2.841
3.7264
0.90181
1.0395
0.38601
0.99446
4.5221
5.9049
1.641
0.74178
0.70999
1.7768
0.23004
0.22328
0.10032
0.066372
0.069788
0.038038
0.048961
0.069393
0.05261
0.033891
1.453
0.065442
0.025338
0.061191
0.067801
0.03511
0.048533
0.067109
0.047291
0.037442
0.067028
0.057247
0.025881
0.066752
0.065786
0.020722
0.062816
0.066073
0.02699
0.056178
0.066041
0.031274
0.050603
2.4237
1.5501
1.2563
0.056349
0.065802
0.060052
0.029234
0.058237
0.065321
1.4063
0.039998
0.065638
0.057682
0.024071
0.065731
0.06569
0.028864
0.053122
0.0659
0.040974
0.041147
0.066814
0.053486
0.030192
0.066253
0.063368
0.021894
0.06329
1.3422
0.029247
0.054142
0.067233
0.038043
0.045198
0.067173
0.049798
0.03619
0.74926
0.76371
1.5796
1.7394
0.7211
2.0842
0.77667
0.78484
0.78105
0.68712
4.1551
5.3685
6.2552
5.6246
3.8104
0.17667
2.4127
0.56536
0.59009
0.54563
0.22556
1.6944
0.39983
0.19019
0.29473
0.20361
0.27374
0.27098
0.23076
0.27019
1.5862
0.22367
0.24113
0.25844
0.23459
0.21653
0.24589
0.23628
0.42925
2.4099
0.079697
0.033053
0.050199
0.066812
0.044001
1.3896
0.066474
0.053241
0.029052
0.065921
0.06013
0.021302
0.065389
0.065344
0.017628
0.063312
0.064878
0.020514
0.060491
1.1334
5.8029
1.3844
1.9004
0.71285
0.29666
0.031028
0.053363
0.47663
1.0121
0.042737
0.065298
0.046493
0.035762
0.0656
0.052129
0.030691
0.065714
0.057554
0.024973
0.065801
0.062886
1.3096
0.06578
0.065738
0.019987
0.062918
0.065874
0.024951
0.058102
0.066331
0.030192
0.29021
0.70198
0.65707
0.65086
0.82992
0.7614
0.82898
1.7631
1.6803
0.43816
0.46052
0.8506
0.93943
1.3089
0.71719
0.64234
1.5536
5.2987
5.3311
5.1258
0.30104
2.2605
0.62019
0.26236
2.3971
1.4997
0.20036
2.8576
0.60692
0.62334
0.25652
1.4027
0.28342
0.16736
0.027709
0.057253
0.065136
0.032493
0.049348
0.14776
0.10862
0.085121
0.06187
0.078888
0.020963
0.31933
1.1422
0.01993
0.068676
0.06578
0.018229
0.066961
0.064781
0.018344
0.06612
0.061832
0.021
0.065552
0.056416
0.025806
0.065017
0.049414
0.032276
1.1226
3.1716
2.5068
0.23816
0.061016
0.44043
1.0032
0.054758
0.028213
0.066302
0.048907
0.034201
0.065982
0.041436
0.041497
0.066113
0.033979
0.049068
0.37029
0.97192
0.056508
0.066201
0.018972
0.063956
0.065633
0.017131
0.06603
0.061263
0.02165
0.066003
0.058357
0.29168
0.74192
0.71532
0.68735
0.6289
0.58987
0.58438
0.61334
0.58592
0.59164
1.08
2.4565
1.7109
2.7306
0.83356
0.50192
0.34515
0.34942
0.3882
4.8106
4.906
1.7622
1.6961
0.29657
0.60986
0.61034
2.0052
0.57228
0.44598
0.095339
0.12012
0.12139
0.089279
4.1293
0.17156
2.6835
0.097821
0.054512
0.065767
0.038102
0.049956
0.066342
0.052094
0.030042
1.3858
0.058153
0.023416
0.065151
0.060667
0.020982
0.065179
0.060672
0.020934
0.065153
0.059119
0.022201
0.064556
0.056394
0.024732
0.064454
0.048157
0.20176
0.046383
0.097916
0.039221
1.3741
1.8719
3.4846
2.571
1.9129
0.083092
0.027144
0.054483
0.064993
0.030739
0.050372
0.064848
1.2835
0.051167
0.064883
0.028082
0.053259
0.064897
0.026634
0.054832
0.064679
0.025312
0.055859
0.065064
0.026542
0.056134
0.064958
0.026848
1.3016
0.064889
0.029273
0.051864
0.064953
0.033484
0.047613
0.06545
0.039399
0.042707
0.066356
0.046887
0.035787
0.065492
0.054034
0.027811
0.065594
0.062751
0.02033
0.064369
0.065686
0.028358
0.053708
0.065613
0.038726
1.2434
0.1127
0.04909
0.032714
0.065249
0.060913
0.02221
0.065933
0.065817
0.028052
0.052989
0.064869
0.039092
0.042084
0.064876
0.049513
0.031653
0.064833
0.059914
0.021143
0.064984
0.064908
0.025326
0.055724
0.065142
0.03408
0.046848
0.064821
0.64426
0.71308
0.064638
0.049848
0.031059
0.064433
0.056743
0.024833
0.065288
0.06315
0.017717
0.064411
0.064499
0.021787
0.058611
0.064384
0.026078
0.054202
0.064131
0.026708
0.053629
0.063877
0.030206
0.049997
0.063873
0.031787
0.047888
1.6401
0.033983
0.046633
0.064764
0.080292
0.10575
0.078028
0.073102
0.070148
0.023857
0.072377
0.064012
0.02146
0.067766
0.066269
0.019472
0.06409
0.066584
0.022559
0.059306
0.066069
0.028041
0.05365
0.065886
0.034194
0.047227
0.066354
0.042449
0.040379
1.4304
0.049604
0.031897
0.066056
0.059746
0.022406
0.066302
0.066382
0.029994
0.052669
0.066232
0.042938
0.039128
0.066319
0.05659
0.025869
0.066021
0.066187
0.027877
0.054868
0.067051
0.041317
0.041149
0.06685
0.05498
0.028333
0.065842
1.3844
0.024307
0.057834
0.065847
0.036467
0.045087
0.06559
0.048537
0.033042
0.065348
0.060209
0.021532
0.065311
0.065266
0.026302
0.055031
0.065078
0.035209
0.045858
0.064922
0.043334
0.038002
0.064879
0.049767
0.030949
0.79005
0.64202
0.024712
0.06446
0.060509
0.019546
0.064112
0.064244
0.016059
0.064277
0.064024
0.020268
0.060956
0.065036
0.020793
0.060559
0.063746
0.023447
0.056657
0.064521
0.027612
0.053751
0.064419
0.030244
0.60524
0.78212
0.034472
0.045869
0.064528
0.040303
0.040484
0.065033
0.046512
0.034762
0.06551
0.053946
0.027516
0.065678
0.12666
0.076544
0.087122
0.070019
0.079467
0.027661
0.066417
0.071287
0.029132
0.056587
0.069096
1.3281
0.04612
0.068043
0.049803
0.034226
0.067876
0.061198
0.023806
0.065573
0.067061
0.031441
0.051624
0.067081
0.044296
0.038588
0.066711
0.056716
0.025757
0.066614
0.066374
0.026078
0.056082
0.066187
0.038423
0.043778
1.369
0.051301
0.031246
0.065879
0.062646
0.022006
0.062919
0.065808
0.030896
0.050506
0.0653
0.041778
0.040359
0.065967
0.052628
0.030182
0.065169
0.060949
0.019714
0.064862
0.064649
0.025776
0.05539
0.064846
0.86892
0.50827
0.064334
0.038933
0.04138
0.064324
0.044518
0.036594
0.06426
0.049787
0.030426
0.06422
0.055059
0.02542
0.064221
0.059888
0.020326
0.064954
0.064656
0.018788
0.062026
0.064748
0.025629
0.055107
1.4471
0.03301
0.047806
0.065057
0.041461
0.039577
0.065511
0.051521
0.030673
0.065699
0.062327
0.021792
0.064088
0.067163
0.032299
0.049699
0.066183
0.047746
0.034848
0.066567
0.063739
0.026141
0.059641
0.067256
0.04162
0.041351
1.366
0.061359
0.028321
0.18583
0.039437
0.12035
0.036506
0.067109
0.077232
0.038099
0.051023
0.072063
0.055272
0.031951
0.070199
0.070014
0.034993
0.050779
0.069468
0.054948
0.030173
0.068773
0.068696
0.036872
0.048364
0.068473
0.056829
1.3248
0.068297
0.068211
0.037667
0.047801
0.067888
0.05654
0.027011
0.067298
0.067407
0.034664
0.048766
0.067273
0.051264
0.031916
0.066774
0.066492
0.02578
0.056643
0.066337
0.040899
0.041784
0.06619
0.055393
0.026833
0.066013
1.3922
0.028009
0.055111
0.066397
0.041954
0.039952
0.065854
0.056573
0.02524
0.065923
0.065948
0.030239
0.052159
0.066337
0.04569
0.036472
0.06649
0.063066
0.026028
0.060083
0.066896
0.040448
0.04209
0.067059
0.060133
0.46669
0.9182
0.067573
0.0414
0.041956
0.067993
0.063193
0.03018
0.058964
0.06838
0.049661
0.03499
0.069259
0.069372
0.039434
0.42974
2.2841
5.5598
2.5487
4.9804
1.091
4.929
0.78864
0.40374
0.10708
0.14317
0.16431
1.4792
0.13408
0.099777
0.070761
0.10591
0.10196
0.061271
0.073287
0.095622
0.085719
0.056966
0.083787
0.27952
1.1732
0.055534
0.091978
0.091683
0.060852
0.066431
0.090484
0.084879
0.052551
0.079154
0.089476
0.069864
0.05493
0.088724
0.088353
0.05572
0.065843
0.086782
0.077343
0.046547
1.3552
0.084312
0.34205
2.2077
1.6622
0.096192
0.030663
0.059928
0.068771
0.046287
1.3151
0.068929
0.067529
0.029294
0.056767
0.068743
0.047807
0.037159
0.068476
0.067889
0.029386
0.056318
0.068758
0.049582
0.035468
0.068754
0.068913
0.03134
0.11369
1.2722
0.052944
0.031778
0.068996
0.069203
0.037948
0.047271
0.069366
0.061466
0.032293
0.061723
0.069624
0.048878
0.036716
0.069644
0.069408
0.037466
0.048487
0.069591
0.063563
0.033534
0.058757
0.070159
0.054752
0.032063
0.069213
0.069384
0.044581
0.041
0.069324
0.069638
0.035418
0.050796
0.069404
0.061349
1.3502
0.061394
0.19018
0.032334
0.10306
0.068458
0.085999
0.038666
0.056261
0.074889
0.054553
0.034878
0.07203
0.071322
0.03559
0.052238
0.071466
0.056051
0.030924
0.070141
0.069723
0.037284
0.048433
0.069329
0.05733
0.028897
0.067684
0.068668
0.037507
0.047137
0.067948
0.056839
0.027957
0.067799
0.067658
0.034447
1.3759
0.066994
0.052163
0.031424
0.066842
0.066791
0.027318
0.055576
0.06661
0.043101
0.039752
0.06663
0.058779
0.024213
0.066202
0.066704
0.034009
0.049186
0.066926
0.050157
0.032859
0.06679
0.066533
0.026012
0.057362
0.067402
0.043113
0.041604
0.067168
0.058434
0.025863
0.066246
1.4128
0.036289
0.047344
0.067174
0.05388
0.029464
0.067497
0.067719
0.033286
0.050378
0.068069
0.054358
0.031443
0.069382
0.06875
0.038313
0.046386
0.068979
0.062418
0.032061
0.059874
0.069187
0.050636
0.0347
0.069261
0.06936
0.039331
0.046199
0.069059
0.063938
0.031939
0.05829
1.4112
0.050647
0.0342
0.06824
0.06827
0.036871
0.048677
0.18889
0.021563
0.12421
0.038193
0.083999
0.06679
0.032381
0.068118
0.071523
0.037257
0.049281
0.06961
0.053539
0.031604
0.068823
0.067889
0.02723
0.057108
0.067571
0.041863
0.041759
0.067108
1.4325
0.027731
0.066403
0.066269
0.024397
0.057847
0.065767
0.034819
0.047262
0.065724
0.0438
0.037764
0.065398
0.051854
0.029563
0.065239
0.059374
0.022143
0.065284
0.06515
0.019417
0.061778
0.064906
0.025821
0.055423
0.065073
0.031231
0.049967
1.4621
0.037292
0.044198
0.065151
0.044383
0.037279
0.065261
0.051634
0.030573
0.066371
0.059816
0.022824
0.065449
0.06546
0.022009
0.059562
0.065649
0.21807
0.78555
3.5814
5.4058
4.4037
3.9913
4.8262
5.244
3.163
0.79828
2.7683
3.1341
5.7494
5.5237
0.80938
2.4707
0.34354
0.24998
0.34225
1.1889
2.7642
2.4678
4.117
0.37268
0.28454
0.28325
0.25785
0.24186
0.24209
1.5788
0.17888
0.071002
0.06991
0.06771
0.051214
0.049481
0.054002
0.067417
0.067109
0.062927
0.042562
0.045182
0.066371
0.066112
0.86076
0.51917
0.055856
0.065478
0.063769
0.033486
0.051443
0.064727
0.059774
0.028796
0.057612
0.064467
0.046598
0.03491
0.090417
2.2203
1.7009
0.046447
0.074798
0.075381
0.044406
0.059991
0.076179
0.061893
0.042462
0.075829
0.07484
2.0875
0.34456
0.36688
3.9465
0.87431
0.18006
0.19112
1.9236
0.78424
0.77246
0.74911
0.75422
0.74106
0.39061
0.25057
0.36332
0.91925
1.1747
0.21614
1.3749
0.13347
0.1334
0.11608
0.25332
3.6509
3.2925
2.689
0.80163
0.77576
0.76542
0.82999
0.88895
3.5174
2.939
1.532
1.3915
5.3612
5.3611
2.2299
2.4423
0.72086
1.6466
1.3899
0.073546
0.1701
0.21903
0.22864
0.20931
0.19096
1.6318
0.22505
0.19541
0.20199
0.10206
0.062153
0.029428
0.058937
0.066712
0.045431
0.037456
0.066552
0.45285
0.95173
0.060368
0.066608
0.038056
0.04446
0.065839
0.050864
0.03133
0.065784
0.060947
0.020763
0.06531
0.065557
0.025578
0.056913
0.064916
0.29364
2.4412
4.8079
4.8557
1.2886
1.7882
0.065702
0.064272
0.045613
0.034821
0.06462
1.5511
0.03074
0.049352
0.064416
0.04706
0.033436
0.064549
0.061729
0.02235
0.061302
0.064616
0.033238
0.047277
0.064787
0.045311
0.035363
0.065082
1.4096
0.024714
0.065413
0.065687
0.022003
0.059069
0.066018
0.033177
0.049954
0.066364
0.042896
0.039101
0.066477
0.053769
0.028352
0.066758
0.065799
0.023746
0.059776
0.066888
0.035554
0.047546
0.067002
0.04836
0.034849
0.067401
0.061523
0.024373
0.064392
0.06743
0.034076
0.049288
0.067527
1.3864
0.034823
0.067578
0.063009
0.024893
0.063102
0.17119
0.065676
0.098616
0.064888
0.083837
0.03098
0.062537
0.074056
0.035753
0.052707
0.071043
0.046003
0.040763
0.069947
0.057813
0.028136
0.068936
0.068944
0.026319
0.058533
0.068264
0.037602
0.046659
0.067732
0.048809
0.035321
0.067401
0.058914
0.024622
0.067224
0.067437
0.025584
1.4786
0.066776
0.033824
0.04968
0.066686
0.042353
0.040591
0.066601
0.050443
0.03229
0.066596
0.058316
0.024894
0.067536
0.06655
0.021133
0.062114
0.066588
0.028694
0.054011
0.066947
0.036612
0.046686
0.067176
0.04498
0.039489
0.067334
0.052911
0.030478
0.067128
0.061533
0.021574
0.067169
0.067336
0.027588
0.057131
0.06749
1.3832
0.045926
0.068767
0.050202
0.033976
0.067611
0.062341
0.024137
0.065224
0.068187
0.033758
0.051521
0.067962
0.04636
0.037412
0.067564
0.060453
0.024886
0.066439
0.067853
0.03289
0.051213
0.067986
0.047
0.03718
0.067937
0.060409
0.023596
0.067476
0.067579
0.030823
0.053026
0.067456
0.04349
1.3738
0.088559
0.05532
0.028601
0.067851
0.067052
0.023289
0.18649
0.048463
0.11221
0.037076
0.061283
0.075404
0.0317
0.057334
0.070306
0.03557
0.050059
0.068729
0.041043
0.043377
0.067406
0.046368
0.036893
0.066389
0.05155
0.030742
0.066021
0.056228
0.025696
0.065504
0.060241
1.4006
0.10556
0.061869
0.019752
0.065657
0.063262
0.018723
0.065509
0.064542
0.017268
0.065906
0.065507
0.016617
0.065777
0.066866
0.018104
0.064417
0.065662
0.019499
0.062844
0.066832
0.021959
0.061063
0.066179
0.022844
0.059213
0.06628
0.025457
0.057048
0.066467
0.029563
0.05321
0.40457
1.0704
0.047742
0.067312
0.041722
0.041789
0.067482
0.050329
0.033514
0.067959
0.059329
0.024638
0.068046
0.067724
0.18744
2.1945
1.9545
1.8548
0.57747
0.57018
0.55927
0.90076
1.6217
0.22608
0.22519
0.22496
0.15427
0.04211
0.06926
0.069266
0.065221
0.060093
0.033191
0.052361
0.064462
1.3031
0.063527
0.060846
0.064229
0.040738
0.039502
0.064012
0.056061
0.024044
0.063633
0.063692
0.021544
0.058539
0.063612
0.025634
0.054326
0.063294
0.026422
0.17661
0.060228
0.089713
0.050258
0.044062
0.071426
0.03338
0.051354
0.066952
0.022687
0.060066
1.3902
0.053916
2.2385
0.8892
0.23018
1.2496
0.57783
0.20242
1.7504
0.11614
0.10501
0.07852
0.11491
0.107
0.074076
0.19563
0.1964
0.16291
0.20297
0.17409
1.3224
0.14741
0.16411
0.15962
0.12002
0.1333
0.14499
0.11694
0.11758
0.13498
0.11406
0.28175
2.5286
2.0581
2.0328
1.8912
5.2919
2.2659
0.36518
0.33043
0.31582
1.5607
0.23122
0.35005
4.0554
4.06
0.89637
0.24497
0.2665
0.46042
0.56341
0.54075
0.074992
0.078286
0.072624
1.2942
0.069497
0.078332
0.064588
0.040516
0.075306
0.075201
0.046931
0.052708
0.069903
0.05725
0.029524
0.06568
0.065659
0.02228
0.061227
0.065482
0.028696
0.054349
0.065153
1.2657
0.05447
0.065139
0.023963
0.059013
0.064723
0.017862
0.065002
0.055449
0.027362
0.064817
0.039226
0.043384
0.064633
0.017794
0.064678
0.055172
0.027362
0.64777
1.8879
0.51254
2.2375
0.2037
0.069926
1.8531
1.5992
0.10698
0.040817
0.05647
0.073942
0.0289
0.21679
0.3024
3.7387
0.83978
1.2103
0.18788
0.75699
0.71283
1.5051
0.19849
0.21007
0.24657
3.5513
2.4507
0.59755
0.66155
0.66445
0.64092
0.64387
0.64874
1.4874
1.1202
0.64242
0.62979
0.62889
0.62196
0.62417
0.62955
0.61503
0.60757
0.58738
0.3258
2.3199
4.7895
0.94923
2.2604
0.26082
0.14834
0.12055
0.60558
4.7259
0.27664
0.12402
0.12047
0.10742
0.093759
0.10726
1.5254
0.10844
0.067553
0.038702
0.064494
0.066529
0.058922
0.036421
0.05367
0.066282
0.064121
2.2768
0.17489
0.18512
0.18092
0.14983
0.11249
1.2071
0.26933
0.029068
0.062772
0.065833
0.043747
0.038733
0.065493
0.062777
0.024552
0.059969
0.065286
0.036828
0.044581
1.3647
0.048464
0.033142
0.064882
0.056183
0.025152
0.26419
1.9211
1.7194
2.8503
0.21283
0.19939
0.19482
2.0128
0.14525
0.12561
3.6621
0.23799
0.087467
0.074472
2.8733
1.9248
2.5294
0.074256
1.4393
0.10536
0.069876
0.30956
0.59526
0.61529
0.60024
0.58577
0.62196
0.60225
0.88806
1.6472
0.70948
0.71395
0.72619
0.81084
4.3307
4.0898
0.79832
0.78864
2.8928
0.69327
0.62032
0.60625
0.59512
0.60159
0.39337
1.4323
1.7145
0.12062
0.17231
0.075501
0.066319
0.031449
0.052623
0.067537
0.80032
0.16708
0.15623
0.18434
0.18018
0.14105
0.18181
1.4522
0.15004
0.23734
0.12536
0.041704
1.324
0.067172
0.047934
0.036312
0.067116
0.050829
0.03377
0.067066
0.0502
0.03415
0.067211
0.047031
0.037352
0.067044
0.041348
0.042642
0.066531
0.033493
0.050666
0.066501
0.023417
0.060509
0.066507
0.017088
0.066552
0.053532
0.030363
0.066612
0.037763
0.045768
1.6003
4.7903
2.3424
0.23562
1.3838
0.25082
0.20175
0.18587
0.14397
0.11979
0.1223
0.080536
0.12816
0.095454
0.099538
0.12425
0.075942
1.3682
0.11721
0.42307
5.153
1.719
0.70038
2.659
1.6382
1.4121
1.3802
1.0736
2.2599
0.86756
5.1446
3.1574
6.2801
2.9127
0.63958
2.8751
2.1465
3.0688
1.3155
0.60366
0.59694
0.60125
0.59245
0.57767
0.54906
0.55392
1.7929
0.63558
0.28778
0.27448
0.30406
0.29902
0.81577
0.26292
0.29509
3.3308
1.922
1.7807
0.27467
0.24609
0.25974
0.14543
0.059631
0.064489
0.090343
1.3683
0.042938
0.086748
0.075917
0.042479
0.070957
0.085197
0.043446
0.058479
0.083719
0.051361
0.04924
0.082679
0.055448
0.04383
0.080826
0.059421
0.037461
0.078329
1.3168
0.031141
0.076152
0.067352
0.026806
0.072912
0.073029
0.69309
1.5347
4.2696
0.33207
0.24049
1.6986
0.28293
0.87271
0.81627
0.11843
0.077364
0.1982
0.23018
0.19296
1.7098
0.75912
1.4044
2.7791
0.55851
0.26115
0.27597
0.27691
0.46545
0.22133
1.7373
0.28281
0.27656
0.75791
0.72018
0.69118
0.66696
0.68767
0.68832
0.65984
1.2921
1.3218
0.66913
0.62241
0.62856
0.64778
0.63222
1.1009
0.9754
0.75667
2.1692
3.8112
5.0027
0.98226
2.2783
0.74663
0.75477
0.74257
0.6959
0.73921
0.57938
0.099897
0.13834
2.187
0.57975
0.58847
0.61026
0.59627
0.23681
0.11522
0.058911
0.055104
0.080064
0.69697
0.69593
0.080208
0.043159
0.066668
0.080067
0.036731
0.072558
0.079569
0.028061
0.076059
0.068588
0.026052
0.071011
0.055908
0.032511
0.06732
0.044404
0.039806
0.067533
0.034777
0.050813
0.067703
0.023163
1.3568
0.06743
0.016489
0.067359
0.75938
3.8767
1.3371
0.96379
0.89213
0.1794
0.16291
0.15664
0.18382
0.15421
1.4296
0.35218
0.14006
0.23954
0.15814
0.19977
0.14046
0.18763
0.17628
2.1115
1.1912
0.19625
0.13015
0.082803
0.081689
0.046297
0.063014
0.080598
1.3594
0.18216
0.50491
0.20541
0.71398
0.74632
0.70569
0.67898
0.64708
0.61281
0.61677
0.62347
0.64892
1.7958
0.61744
0.59518
0.58854
0.37008
0.43005
0.66663
3.6852
5.0705
2.6059
1.5232
0.94064
0.23085
0.46638
0.56131
1.6831
0.23876
0.19296
0.30211
0.72288
0.67885
0.75133
0.78268
0.65244
2.6466
3.1995
0.19621
0.10924
0.052144
0.030847
0.066554
0.041652
0.040902
0.066811
1.3472
0.052632
0.066619
0.016072
0.066519
0.059886
0.022748
0.066658
0.044683
0.037828
0.066483
0.028766
0.053633
0.066381
0.016128
0.066517
0.051686
0.030604
0.066321
1.3099
0.049628
0.066267
0.86364
2.1556
0.19012
0.24694
0.2025
0.21707
0.27312
2.7302
0.24561
0.25055
0.28069
1.6136
0.25933
0.24703
0.27748
0.28377
0.14727
0.15083
0.17176
0.16414
0.12321
0.15905
1.4995
0.20213
0.18842
0.15867
0.17059
0.16299
0.1229
0.16625
0.15104
0.1232
0.16368
0.15361
0.12715
0.16175
0.14317
2.3408
2.6085
4.4537
3.2461
0.82382
0.91957
4.0373
5.4997
4.6762
5.1685
0.87025
0.77134
2.3764
0.70622
0.68974
0.65971
0.67495
2.8992
0.3673
0.23222
3.8075
4.3343
0.23751
0.25816
0.25103
0.25034
1.6334
0.19079
0.089783
0.069542
0.039398
0.048318
0.068203
0.060877
0.028657
0.064069
0.075162
0.054404
0.056554
0.080223
0.4546
0.97354
0.079471
0.07935
0.044863
0.063879
0.077948
0.056456
0.048209
0.072063
0.058824
0.031459
0.066853
0.063741
0.021332
0.066368
0.065897
0.022276
0.65387
0.77613
0.44349
1.071
1.1225
0.22299
0.20031
0.19679
0.22241
0.20588
0.19151
0.22227
0.20485
0.19235
0.22316
0.20382
0.23351
0.23205
1.5743
0.2202
0.22248
0.22219
0.3992
0.19672
0.22238
0.22211
3.3037
3.2529
0.86792
5.5626
1.5698
5.2143
4.5492
4.1635
0.69429
0.65103
2.1572
0.64716
3.3129
1.5005
3.9698
0.93195
0.73492
0.75559
2.2522
0.621
0.61316
0.62482
0.59193
0.57577
0.59634
2.2024
0.51825
0.52805
0.48622
0.39665
0.12003
0.20812
1.4974
2.0981
0.97822
0.81615
0.99763
1.2199
1.3868
1.1539
1.2679
0.70319
0.68329
1.8507
0.070852
0.062064
0.035354
0.049233
0.064683
0.054369
0.027076
0.064986
0.062787
0.018899
0.065047
0.05841
0.023559
0.11572
1.2234
0.038677
0.065163
0.01997
0.061558
0.056493
0.02512
0.065216
0.025834
0.056211
0.057007
0.024389
0.065224
1.2282
2.2347
1.9078
0.32111
0.18257
0.1789
0.13732
0.21333
0.19259
0.62333
0.97326
0.15668
1.4028
0.37143
0.18259
0.80997
2.1863
4.7404
3.1559
2.7017
0.052452
1.568
0.08894
0.060684
0.062188
0.07691
0.077372
0.036799
0.068156
0.077401
0.050239
1.3349
0.078847
0.063408
0.070193
0.66048
0.65916
0.70269
4.2135
2.0237
3.02
2.3451
0.76001
0.6959
4.6316
3.9663
0.69122
0.66249
0.65123
0.66058
2.0166
0.72792
0.64161
0.65359
2.5764
0.67956
0.66903
0.70681
0.75987
0.73857
0.70237
0.74051
0.73918
0.54311
1.2665
1.2878
0.041197
0.054842
0.066423
0.032667
0.051152
0.06686
0.036673
0.047668
0.45214
0.90814
0.043728
0.067021
0.043779
0.040089
0.066839
0.047
0.037318
0.06736
0.050541
0.033348
0.067018
0.052019
0.031351
0.066596
0.053137
0.030412
0.066858
0.054507
0.030421
0.066177
0.053288
0.029982
0.94792
0.42934
0.030709
0.74609
1.2684
2.5446
5.239
2.8767
2.207
1.0666
0.88523
2.8802
0.72317
0.66185
0.67316
0.65512
0.65309
1.9726
0.67397
0.64994
0.69481
0.69914
0.64888
0.70573
0.71425
1.0452
1.6682
0.74175
0.73975
0.72386
1.3236
0.70608
0.71996
0.75225
0.82418
2.3852
0.74712
0.68287
0.67244
0.6927
1.3031
4.693
2.6989
0.82116
1.0944
3.443
0.77844
2.1596
1.3519
3.5196
2.9823
1.4525
1.289
0.90521
0.47304
2.7084
1.7265
3.3163
1.7696
1.4499
0.70061
0.70875
0.70859
0.69277
2.2338
0.70532
0.70246
0.71226
0.7187
0.51997
1.6022
5.0467
2.8573
0.56581
1.2038
0.48628
0.082964
0.071086
0.058952
0.053108
0.070923
0.071516
0.071087
0.047294
1.3933
0.064352
0.07011
0.068066
0.042128
0.36665
1.2002
0.099741
0.068217
0.064754
0.15169
3.0793
2.5264
1.6297
0.84341
1.975
0.85898
0.7226
0.7331
0.72
0.77309
1.5025
5.0911
5.9418
2.0138
0.8234
0.78001
2.1749
0.73155
0.72543
0.69984
0.69516
0.72164
0.72239
0.56384
0.17966
0.19668
1.4891
0.23647
0.62488
0.65639
0.65711
0.6199
0.64531
0.66663
4.0206
3.8467
0.69967
0.6992
0.71904
0.85259
2.1394
0.75716
0.74173
0.77725
0.78928
0.71333
0.75272
0.74632
1.243
0.68638
2.0809
0.57465
0.081379
0.051156
0.035737
0.070198
0.038004
0.048006
0.070081
0.025091
0.060671
1.4635
0.017646
0.070197
0.054313
0.031653
0.070142
0.039616
0.046733
0.070214
0.023984
0.062236
0.066277
0.019968
0.069987
0.050168
0.035944
0.069757
0.033473
0.052433
0.069608
0.015976
0.069327
0.057527
0.028189
0.069128
0.039309
0.045942
0.068817
0.021221
0.063283
0.063121
0.022594
0.069162
0.042886
0.053114
1.395
0.022672
0.061479
0.062228
0.089941
1.6626
1.8882
1.4838
0.68331
0.70168
0.7951
0.69479
1.8358
0.63841
0.76054
1.0344
0.81655
3.5125
0.8651
0.8709
0.87093
0.86109
0.78964
0.62976
0.67344
1.3584
1.2017
0.63953
0.6776
0.72827
0.79311
1.5811
4.0776
0.75704
0.67888
0.68069
0.64426
0.71588
2.088
1.3572
1.7329
1.739
0.85126
2.1375
0.8206
0.76052
0.66041
0.6903
4.7629
2.4554
0.39932
0.23625
1.5923
0.084753
0.061686
0.037482
0.071081
0.066063
0.53777
1.0279
0.72277
0.731
0.77707
0.78414
0.73697
0.74457
0.75089
0.27352
0.066666
0.077074
0.0398
1.3404
0.069219
0.036923
0.049097
0.069447
0.038556
0.048753
0.069828
0.040053
0.047029
0.068708
0.039974
0.047236
0.068973
0.039428
0.04592
0.068509
0.039386
0.04563
0.067963
0.038869
0.046007
0.067617
0.037654
2.8154
2.2155
0.16395
0.067386
0.042409
0.042426
0.068044
0.045693
0.62264
0.7748
0.048479
0.037012
0.068392
0.050746
0.034916
0.068947
0.055292
0.031307
0.069559
0.059527
0.027347
0.62054
1.0724
0.80774
0.83546
0.83184
0.83365
3.1092
0.69853
0.75166
0.73512
0.69152
0.71842
0.70515
0.67302
0.72116
2.4291
1.374
1.8685
1.4472
0.85154
0.84248
0.83354
0.8085
0.83389
0.69798
0.84258
0.72807
2.4019
5.3888
1.7417
2.1639
1.8748
0.59023
0.54823
0.58242
0.58499
0.54543
0.56285
0.57597
1.9254
0.20501
0.20482
0.68333
0.65034
0.65381
0.6672
0.62475
0.62213
0.63703
0.19656
0.061242
0.071503
0.019187
0.069276
0.063393
0.025297
0.071204
0.049309
0.041072
0.070887
0.031878
0.057158
0.070971
0.018127
0.070844
0.055306
0.033996
0.070942
0.036772
1.3174
0.15161
0.018229
0.070992
0.058233
0.029401
0.79534
1.1753
1.5351
0.051468
0.068869
0.021511
0.063294
0.06433
0.020307
0.069179
0.048307
0.036807
0.069731
0.032029
0.053769
0.069991
0.015996
0.070242
0.059768
0.02645
0.070343
0.045818
0.042088
0.071591
0.38717
1.003
0.071144
0.01959
0.069013
0.06564
0.022703
0.071634
0.055117
0.032988
0.0724
0.046378
0.041946
0.6505
0.88862
3.3253
1.4782
1.5743
0.82193
0.82809
0.81452
2.0851
0.8118
3.8387
3.4985
2.3285
0.7956
4.0156
0.87354
0.66874
0.62599
0.60941
0.60341
0.57763
0.54481
0.57696
0.19185
0.10887
0.13523
1.5924
0.67891
0.66937
0.65464
0.65783
0.37267
0.061343
0.050153
0.075493
0.059011
0.027481
0.06945
0.069552
0.024134
0.062628
0.069497
0.032059
0.054141
0.069282
0.039284
0.04703
0.069788
0.045363
0.040826
0.069087
0.05175
0.036076
0.069136
0.05544
0.030579
0.069138
0.069456
0.11791
1.8202
2.1439
0.15576
0.050476
0.067888
0.067536
0.041593
0.042968
0.068477
0.064666
0.0276
0.061539
0.068124
0.04143
0.043611
1.044
0.37298
0.028131
0.068642
0.068732
0.030917
0.054754
0.069726
0.047846
0.039263
0.069434
0.063554
0.028063
0.064354
0.069894
0.040112
0.047073
0.070264
0.057558
0.030387
0.071669
0.60118
2.0933
0.99223
3.5713
1.8565
0.93717
0.79237
1.1596
1.7109
0.76782
0.86472
1.7273
5.4496
3.2054
3.4118
0.6363
0.71609
3.2849
0.65976
0.63547
0.65863
0.80216
3.4367
3.4383
0.65058
1.0273
0.62722
0.22846
0.87097
1.7799
0.62272
0.65025
0.62524
0.12556
0.081737
0.055387
0.057429
0.081786
0.057426
0.053999
0.080639
0.058733
0.04957
0.076916
0.055097
0.03951
0.073077
0.91501
0.52008
0.069599
0.055093
0.032079
0.069437
0.32545
2.1651
0.20543
0.11489
0.055518
0.095858
0.090339
0.050951
2.0036
0.23887
0.080474
0.053529
0.058474
0.080764
0.065616
0.044339
0.079452
0.074394
0.030038
0.073719
0.072078
0.028001
0.062999
0.069658
0.029699
0.055604
0.067483
1.277
0.051643
0.067466
0.035992
0.048836
0.067679
0.036187
0.048877
0.067467
0.036036
0.048819
0.067762
0.035927
0.049332
0.06818
0.036602
0.048998
1.7145
6.1112
3.1474
4.8746
1.1962
2.3384
0.75337
0.76315
0.77205
2.0582
0.6499
0.64457
0.64321
1.0058
3.564
0.6164
0.60025
0.60739
2.6515
4.7756
0.10213
0.20217
0.23912
0.43392
1.8073
0.94407
0.54803
0.08085
0.067702
0.046563
0.04488
0.21227
0.057649
0.10895
0.058821
0.082716
0.026213
0.068111
0.070698
0.020867
0.071548
0.063619
0.024499
1.3696
0.05828
0.028544
0.068806
0.052938
0.033798
0.068371
0.045106
0.040727
0.067881
0.035908
0.049373
0.067552
0.025752
0.059327
0.066752
0.017659
0.066864
0.055378
0.02902
0.066954
0.041339
0.18622
4.9737
5.4427
1.9885
1.9113
0.2441
2.6722
0.34809
0.60409
1.9688
0.56961
0.60138
0.55728
0.60043
0.55857
0.59956
0.58334
1.5484
1.8802
0.66966
0.75866
2.5565
2.4942
1.5357
3.1537
1.8845
1.0891
0.76465
0.64822
1.9899
0.64758
0.73508
0.63632
0.71673
0.6356
0.68169
0.64538
0.67528
0.66278
0.65821
0.7071
0.85258
2.1619
1.0851
0.27298
0.06613
0.094314
0.99889
4.5064
0.8811
2.4085
0.60114
0.57287
0.33493
0.20456
0.37825
0.24586
0.12969
0.11932
0.030344
0.1087
0.026959
1.4551
0.019386
0.10811
0.025287
0.095432
0.038141
0.079911
0.052883
0.062893
0.069663
0.043732
0.087817
0.024586
0.095169
0.02647
0.083986
0.046548
0.062973
0.066931
0.041746
0.087406
0.020492
0.09114
0.030159
0.076673
0.051644
1.111
0.29888
0.032696
0.08916
0.017884
0.086743
0.041108
0.062142
0.064162
0.038553
0.086732
0.021059
1.7576
4.2795
1.9055
1.3385
0.19951
4.2158
3.6294
0.13245
0.16498
1.5497
0.14191
0.16616
0.64114
0.73098
0.69328
0.69761
0.70939
0.55583
1.452
0.24331
0.22101
0.21827
3.1376
3.9761
0.87403
1.6534
0.16027
1.163
1.0141
1.6852
3.5932
0.88188
0.63491
0.68735
0.65666
0.61729
0.58962
0.62487
0.60096
1.8513
0.65215
0.61894
0.60769
0.59994
0.79885
0.14575
0.12939
0.12823
0.14414
1.3711
0.13993
0.13996
0.15788
0.14286
0.14935
0.13999
0.12405
0.11826
1.6329
0.081111
0.067559
0.053183
0.054294
0.07835
0.078212
0.058147
0.050649
0.061082
0.076129
0.075542
0.051089
0.048552
0.066782
0.074739
0.069059
0.047017
0.048372
0.073777
0.07353
0.055191
0.044292
0.062741
0.072438
0.066787
0.043537
0.050196
0.071689
0.071348
1.3121
0.039586
0.079369
1.2122
0.48082
1.4929
0.23865
3.9442
2.2823
4.7846
0.2372
0.18549
0.17705
0.15985
0.12683
1.4581
0.12803
0.13502
0.29404
0.081342
0.18683
0.12365
0.15494
0.12915
0.11968
1.2729
2.0504
0.72539
0.74117
0.7682
0.75739
0.74051
0.76153
0.75887
0.75688
0.75253
1.1715
2.0145
2.1181
4.1905
0.8156
0.82307
0.88873
2.3527
0.72426
0.72944
0.72078
0.70975
1.3307
5.3846
2.1873
1.169
1.6466
0.62981
1.1333
4.6654
0.12643
0.12758
0.13756
0.43758
0.65017
0.643
0.61803
0.54398
1.5275
0.082078
0.074654
0.055069
0.063289
0.081591
0.081661
0.061709
0.051092
0.078681
0.080492
0.068637
0.04564
0.063596
0.072368
0.065117
0.038393
0.05635
0.068287
0.061424
0.035477
0.057978
0.068208
0.056388
0.032373
0.063566
0.067948
0.047317
0.036642
0.08174
2.4127
2.1601
0.13529
0.093534
0.072007
0.069129
0.052341
0.26622
0.053428
1.3902
0.047863
0.053388
0.078478
0.058537
0.033413
0.073913
0.07258
0.035868
0.052417
0.071104
0.054017
0.032839
0.070277
0.070171
0.031399
0.055026
0.069864
0.049359
0.037456
0.069941
0.066779
0.029094
0.060914
1.379
0.042927
0.043959
0.18406
0.65319
0.80992
1.1619
1.9917
3.0565
0.74554
1.9212
5.4521
5.3314
0.9399
2.3746
0.8964
2.1077
3.9007
2.6839
0.63648
0.65099
1.2843
0.66923
1.1748
1.4993
0.65442
2.8056
0.7415
0.59823
0.62406
0.62327
0.28876
0.05393
0.066928
0.053942
0.03329
0.06749
1.3656
0.026397
0.058899
0.068263
0.03955
0.045864
0.06831
0.051271
0.034697
0.068533
0.059721
0.025738
0.068546
0.067397
0.022727
0.064052
0.068333
0.025999
0.059152
0.068133
0.029387
0.056236
0.06802
0.030719
1.3258
0.15857
2.5856
3.9678
2.0792
0.063106
0.12084
0.040814
0.080918
0.79038
0.66413
0.073806
0.055912
0.033501
0.07143
0.054972
0.032443
0.06991
0.05341
0.28168
0.070398
0.062314
0.084514
1.3213
0.059499
0.025857
0.067819
0.062008
0.022881
0.067839
0.0586
0.026824
0.068194
0.053127
0.031437
0.068116
0.047138
0.038413
0.068682
0.042283
0.044491
0.068676
0.036437
0.049157
0.068956
2.3737
5.4217
1.1841
2.7624
1.6454
3.0873
0.88582
0.60893
0.5951
0.58773
0.59287
0.5466
1.9174
0.14264
0.11742
0.11426
0.14264
0.11699
0.10033
0.13133
0.10911
0.099747
0.1091
0.045542
0.038839
0.067192
1.322
0.041612
0.066402
0.036506
0.046798
0.065858
0.029823
0.053228
0.065738
0.021312
0.061409
0.065596
0.017107
0.065714
0.055954
0.02685
0.065464
0.04288
0.03924
0.065084
0.027859
0.054082
0.064713
0.01723
0.064784
0.049843
0.037663
2.7857
1.9127
2.017
0.07141
0.065469
0.064916
0.039188
0.043028
0.065057
0.064056
0.2496
1.1049
0.063591
0.051751
0.028939
0.063498
0.063394
0.27113
0.25778
0.057188
0.11615
0.053191
0.064974
1.3182
0.067868
0.05206
0.081809
0.069774
0.039682
0.080618
0.073059
0.03633
0.078926
0.083936
2.3355
2.0713
1.1365
0.39065
1.4957
0.58994
0.63889
3.4799
5.3745
5.3534
0.99454
2.4391
0.20392
0.20089
0.14565
0.12155
0.11916
0.14431
0.13916
1.0148
0.78307
0.57038
0.17894
0.11703
0.11789
1.3683
3.1325
0.061609
0.097156
0.076389
0.018866
0.06533
0.065359
1.446
0.060094
0.06475
0.023144
0.057292
0.064402
0.023632
0.056567
0.064149
0.022168
0.057848
0.063787
0.018516
0.061542
0.063387
0.016293
0.063558
0.1584
1.2882
0.063307
0.05
0.029319
0.063054
0.037939
0.041111
0.062683
0.024467
1.1426
1.2993
2.2083
4.8926
0.15201
0.043443
0.062909
1.4245
0.025577
0.053786
0.061958
0.030211
0.047972
0.062198
0.027832
0.050321
0.062051
0.021371
0.056814
1.4464
0.016009
0.062564
0.055548
0.022917
0.062472
0.043857
0.03485
0.062899
0.031404
0.047568
0.06307
0.018836
0.060233
0.062528
0.016689
0.063438
0.052464
0.027468
0.2387
0.1996
4.9247
2.4913
4.7108
1.3957
3.0412
3.6429
0.82165
0.65901
0.6382
0.63407
0.59636
0.57642
1.955
0.60816
0.56522
0.54332
0.45168
0.13877
0.55972
0.098856
0.13517
0.13068
0.087982
0.14784
2.0005
0.086269
0.13733
1.4749
0.021681
0.068449
0.059342
0.025581
0.068204
0.052302
0.031854
0.068287
0.043692
0.041504
0.067883
1.2922
0.052726
0.067691
0.016059
0.067707
0.057826
0.026252
0.06758
0.039126
0.044262
0.067177
0.016181
0.067013
0.055281
0.027659
0.066618
0.030129
0.052586
0.065566
0.016832
0.06626
0.037311
0.045123
0.06631
1.8983
0.20279
0.11677
0.40307
1.8563
0.080582
0.12799
0.12508
0.080349
0.12944
1.4446
0.56692
4.8325
4.3945
3.788
1.5219
5.088
1.5937
0.20431
2.8071
0.14962
0.13006
2.0557
0.094211
0.099396
0.11433
0.27822
0.62708
0.65427
2.2205
0.6002
0.62558
0.6296
0.58381
0.63012
0.62278
0.57346
0.61442
0.59529
0.79656
0.5875
0.61375
0.55894
0.55913
0.46268
2.9725
2.6505
0.11528
1.5486
0.13466
0.096244
0.095221
1.4581
0.037386
0.050384
0.070052
0.038824
0.048241
0.06945
0.036487
0.050294
0.06983
0.032201
0.055388
0.068854
0.024634
0.061298
1.3054
0.017224
0.068747
0.060896
0.024786
0.068562
0.050448
0.034982
0.068507
0.038953
0.046512
0.068346
0.025443
0.059942
0.067883
0.017421
0.068002
0.052506
0.032832
0.067786
0.034938
0.050163
0.06763
0.017587
0.084731
2.0234
0.51132
1.2892
2.2883
0.22241
0.18248
2.2926
2.1536
0.35724
0.095003
0.090619
0.11862
0.095636
0.090726
0.11909
0.096424
0.090704
0.11889
0.09498
1.4596
0.11916
0.093243
0.26794
0.67001
0.68612
0.629
1.5318
5.4076
4.3262
3.9974
0.94737
2.1713
2.2153
0.90169
0.8226
3.6388
1.7328
1.2665
2.234
1.6648
5.3223
5.3464
2.027
5.3844
4.1416
0.70077
2.2899
0.65745
0.77648
0.78621
2.3337
0.74072
0.71849
0.67454
0.71043
0.67004
0.86596
0.7518
0.17985
1.5435
0.16204
0.12388
0.13714
0.15947
0.11475
0.046556
0.073686
0.064219
0.029092
0.067742
0.071374
0.035278
0.051474
0.069942
0.050438
0.034867
1.3677
0.065808
0.02672
0.060396
0.067686
0.039183
0.045661
0.068122
0.051968
0.030977
0.067528
0.064294
0.021933
0.06368
0.066239
0.029129
0.053336
0.066039
0.0366
0.045303
0.29912
2.2241
0.74372
1.4207
1.1856
0.25432
1.9098
0.3694
0.2949
0.27234
0.17416
0.15807
0.15264
0.11128
0.13237
0.13673
0.11516
0.097734
1.378
0.12296
0.031976
0.4181
0.69615
0.68819
0.6505
0.67208
0.68295
0.67083
0.65602
0.68731
0.74141
0.75929
0.79903
0.79802
0.77336
0.8255
0.81943
0.7898
0.92219
3.3573
6.0295
2.4953
0.72317
3.7991
5.3303
0.68439
0.61973
0.62946
1.1107
2.0036
0.67879
0.83908
0.62663
1.9839
0.1153
0.042167
0.079499
0.075908
0.25018
2.9732
4.9758
1.3124
0.2085
1.7945
0.06979
0.055268
0.032368
0.067376
0.068336
0.04583
0.039561
0.067666
0.067661
0.033738
1.388
0.067578
0.056681
0.02772
0.067302
0.067074
0.038447
0.045677
0.066557
0.05824
0.026147
0.06631
0.066274
0.034957
0.048442
0.066113
0.050554
0.03307
0.065548
0.064276
0.022787
1.5797
2.141
1.7885
0.054181
0.044981
0.06613
0.064578
1.3919
0.053133
0.064726
0.052751
0.028638
0.065403
0.064404
0.035843
0.045736
0.064806
0.055011
0.026869
0.064566
0.064997
0.032686
0.049253
0.065117
0.049142
0.033094
1.3144
0.064973
0.024216
0.057936
0.065076
0.039964
0.042483
0.065583
0.055656
0.026941
0.57229
1.4541
2.0765
1.9616
0.92174
0.8187
2.9688
4.9374
0.68042
0.65105
0.62509
0.64961
0.64292
0.59607
1.9685
0.63029
0.59478
0.40348
0.23194
0.29575
0.48806
2.4961
1.66
6.1329
3.7216
4.5717
2.2477
0.76554
0.12391
1.0787
0.55533
0.055541
0.041477
0.066147
0.070953
0.060133
0.039842
0.055567
0.067896
0.067593
0.042
0.042287
1.4186
0.06648
0.050188
0.03421
0.065528
0.065768
0.053136
0.031751
0.063382
0.064903
0.04964
0.032038
0.064696
0.06436
0.039886
0.041873
0.064508
0.11308
3.2424
2.2204
0.21699
0.10237
0.06545
0.037662
0.042878
0.063526
0.061306
1.2128
0.13931
0.063501
0.0417
0.038807
0.063326
0.055914
0.024506
0.063639
0.063982
0.026388
0.054289
0.063657
0.038237
0.0429
0.064162
0.048703
0.032844
0.064433
0.058226
0.023458
0.064898
0.065038
1.2709
0.059208
0.065553
0.033434
0.04963
0.72711
0.75291
0.78303
0.82269
0.85843
4.4928
5.269
1.5977
0.70279
2.4523
0.67631
0.64638
0.63912
0.68496
5.1712
0.64027
0.55887
0.59915
0.22336
0.091002
0.67618
0.15457
0.31087
2.0135
0.50697
0.28661
4.6859
2.1402
0.15443
0.08334
0.094259
0.059384
1.4385
0.072607
0.044289
0.040567
0.066192
0.048212
0.03684
0.21409
0.037464
0.12047
0.028714
0.069051
0.072548
0.022576
0.071992
0.065854
0.02261
0.96916
0.60463
0.023776
0.068492
0.060683
0.025812
0.067802
0.057598
0.027343
0.38866
1.6856
2.1309
0.20777
1.5666
0.10904
0.072587
0.1155
0.11025
0.071092
0.11502
0.10923
0.072957
0.11564
0.10718
0.074826
0.11574
1.4318
0.07661
0.11615
0.10296
0.080077
0.11702
0.10116
0.081576
0.11595
0.098808
0.083901
0.1162
0.098484
0.084223
0.11616
0.099549
0.082557
0.11615
0.10312
0.079754
0.16028
0.78275
0.8688
1.4445
2.5027
0.72474
0.15159
0.24421
0.36387
0.6323
5.0252
4.8347
0.63849
2.1757
0.17788
1.8803
0.099271
1.0547
4.6452
0.21121
3.923
5.0214
1.7065
0.7836
4.8812
1.1862
0.16147
0.46781
1.6274
0.10321
0.080713
0.075944
0.035942
0.065616
0.073899
0.037987
0.050751
0.06595
1.4047
0.03972
0.065316
0.049207
0.032839
0.066232
0.056743
0.024676
0.064984
0.06297
0.017891
0.064899
0.064789
0.023028
0.057677
0.064593
0.028731
0.051527
0.2081
0.035616
1.4167
0.03967
0.45593
2.4735
0.81672
0.90067
0.044518
0.040701
0.068102
0.043762
0.040049
0.06674
0.042868
0.039326
0.066202
0.041071
0.04089
0.60905
0.75556
0.042587
0.065618
0.036667
0.044618
0.065271
0.034671
0.046509
0.06536
0.0333
0.049504
0.065169
0.029771
0.051276
0.065049
0.028131
0.052987
0.065233
0.026453
0.10578
0.62586
0.73615
1.9935
0.78826
1.3038
1.6485
1.3001
2.3675
0.71784
0.77207
2.0321
5.3454
3.0504
0.61083
0.54182
1.5964
0.19142
1.539
0.091116
0.69538
0.24494
0.17753
0.17454
0.15875
0.53442
1.2104
0.22635
0.20383
0.19126
0.21747
0.23011
1.8816
0.16607
0.25059
0.1848
0.082676
0.085693
0.10783
0.077659
1.2793
0.06632
0.066679
0.023848
0.061139
0.066419
0.0313
0.052761
0.065843
0.036164
0.047644
0.065349
0.038642
0.045137
0.065294
0.039368
0.044772
0.064884
0.035802
0.047613
0.064393
0.030731
0.052003
0.064214
0.022466
0.06028
0.064117
1.2848
0.064056
0.13496
0.81135
0.68828
2.5289
0.24318
2.048
0.96929
0.20158
0.098322
0.097186
0.12267
0.088057
0.10131
1.3666
0.081839
0.10347
0.11768
0.082351
1.848
2.6054
4.3374
1.012
0.64098
0.64988
0.63082
0.62942
0.6376
0.63345
1.2997
1.2673
0.63561
0.63507
0.62026
0.61554
0.60929
0.59903
0.58481
0.51779
4.9055
4.8549
2.5303
2.6698
3.295
3.7975
1.5034
0.5896
0.55521
0.74361
0.56342
0.55559
1.9532
0.54847
0.46523
0.071054
0.068788
0.056844
0.062654
0.069476
0.069674
0.069266
0.0584
0.052419
0.051648
0.061806
0.068697
0.068969
0.067783
1.3857
0.049559
0.053877
0.067976
0.067799
0.067614
0.048306
0.046171
0.056721
0.067156
0.067152
0.056857
0.042853
0.05101
0.066621
0.066384
0.07441
0.21104
0.067623
0.089799
0.07141
0.04039
0.059138
0.072479
0.059141
0.036073
0.061606
0.068352
0.067524
2.4762
1.3946
0.65744
0.2093
0.21388
0.98018
0.63395
0.121
0.12033
1.0578
0.46198
0.088791
0.11347
0.19533
2.8423
2.565
0.27085
0.78854
0.60468
2.0141
0.22508
0.17434
0.16277
3.5419
0.58386
0.15343
0.50526
0.7381
2.1929
0.70619
0.68553
0.70316
0.70233
0.68982
0.65957
0.67195
0.67133
0.65767
0.61944
0.554
0.17479
0.17896
0.17978
2.0307
2.4974
0.65497
0.5766
0.14078
0.10215
0.1064
0.94187
0.53266
3.4329
0.10817
0.087713
0.093781
0.12467
0.095921
3.1158
0.22108
0.079769
0.066426
0.041232
1.3875
0.065847
0.063431
0.026679
0.05801
0.065506
0.04694
0.035108
0.065663
0.065369
0.026963
0.054701
0.065171
0.044996
0.036539
1.3008
0.062332
0.022683
0.061382
0.064943
0.032952
0.048784
0.065011
0.042648
0.039133
0.22889
0.032376
2.1579
0.33032
3.861
1.0196
4.7481
3.3355
0.23882
0.3502
0.26337
1.5676
0.19073
0.11098
0.082861
0.095474
0.098904
0.09102
0.054374
0.064028
0.079491
1.1828
0.20027
0.069721
0.079948
0.065907
0.32188
0.7449
0.73835
0.70862
0.71413
0.74314
0.73781
0.71105
2.0407
0.75549
0.7445
0.85917
1.7277
2.5684
4.7679
2.1447
1.1368
1.2807
3.1807
0.90843
0.83772
0.68204
0.67296
1.2478
5.3452
4.3879
2.5532
2.0152
0.13238
0.14075
0.51786
0.649
0.64051
0.83289
1.7716
0.62175
0.63776
0.54246
0.14915
0.12483
0.16218
4.1591
4.2545
5.4227
1.7158
0.072849
1.4934
0.17387
0.052504
0.070937
0.070473
0.068873
0.046357
0.04336
0.067909
0.069617
0.16227
1.4939
0.071802
0.091458
0.065768
0.034681
0.078749
0.072842
0.033498
0.059653
0.072529
0.046174
0.041957
0.093904
3.321
3.0621
0.72201
0.60356
0.60359
0.58836
1.8875
0.60971
0.61148
0.57666
0.60193
0.6179
0.59479
0.59999
0.63109
0.61046
0.60676
2.2462
1.0369
2.4547
0.81245
0.82784
0.8261
0.69946
1.9942
0.71362
0.69659
0.67403
0.71857
0.72721
0.68189
0.73087
0.79597
0.73436
0.75547
0.76365
0.74012
1.9731
1.4908
5.4383
3.489
3.6229
2.6227
0.88296
2.2427
0.8702
0.80964
0.78257
1.2886
0.82162
1.0771
1.2028
0.070858
0.20561
1.1921
1.6963
2.2726
0.68103
0.69534
0.7109
0.68681
0.67375
0.69857
0.67619
1.5931
0.20583
0.17492
0.18663
0.19681
0.14638
0.17467
0.17153
0.11743
0.16216
0.13957
0.11003
0.14469
0.11223
0.091467
0.071737
0.021661
0.066966
0.062017
1.2858
0.071439
0.042392
0.048061
0.17873
0.11168
0.10188
0.059208
0.075366
0.027437
0.080232
0.034718
0.68966
2.5981
1.7095
0.6046
0.59443
0.57574
0.60045
1.5211
0.92754
0.58494
0.61433
0.58472
0.59846
0.62174
0.57799
0.62004
0.62287
0.58853
0.63519
0.61411
0.6169
0.64392
1.8534
0.64186
0.65183
0.60783
0.65797
0.63338
0.63957
0.66364
0.61487
0.66913
0.64343
0.6354
0.6667
0.60847
0.66425
0.69696
2.0757
1.0536
1.5292
3.4949
1.9665
0.64247
0.68038
0.6735
4.3633
5.3033
2.5359
2.2126
2.28
0.67616
0.51502
1.8443
0.23527
0.2183
0.27916
1.2408
3.2723
0.6955
0.65243
0.75955
0.73869
0.78225
0.75829
0.72696
1.7381
0.26679
2.0339
0.071182
0.016712
0.070158
0.055073
0.031343
0.070896
0.027271
0.060011
0.062409
0.024771
0.071009
0.0317
1.3708
0.065578
0.021629
0.07124
0.033522
0.053996
0.06791
0.037421
0.071081
0.033461
0.053957
0.066199
0.02107
0.07135
0.031592
0.056033
0.58946
4.3891
1.4166
1.5988
0.76178
0.55987
0.64184
0.54403
0.60534
0.55467
1.9451
0.58325
0.55681
0.59829
0.53997
0.5977
0.50765
0.51393
1.6652
0.12543
0.12414
0.11137
0.070681
0.099161
0.098203
0.05624
0.083031
0.096038
0.053261
0.086088
0.095514
0.046888
0.093252
0.092909
1.2598
0.095503
0.080424
0.37817
0.2536
0.13585
1.6275
0.59483
0.60333
0.55429
0.59047
0.58916
0.54077
0.58618
0.55956
0.55604
0.57891
0.52877
0.57661
0.55219
0.54677
1.4721
0.097648
0.15528
0.09042
0.10429
0.094796
0.076658
0.11052
0.10651
0.18617
0.88381
1.0207
0.10179
0.062893
0.096416
0.041402
0.082789
0.044882
0.055386
0.063017
0.023342
0.068309
0.017434
0.06852
1.2851
0.044383
0.066273
0.019168
0.068509
0.017082
0.06823
0.041856
0.043376
0.066216
0.019178
0.068001
0.017083
0.068073
0.039364
0.045666
0.062374
1.2068
5.6526
5.3943
2.406
1.8259
0.068746
0.028337
0.055816
1.5176
0.02641
0.067718
0.015972
0.067476
0.04011
0.043118
0.063876
0.019443
0.067577
0.016077
1.4026
0.034071
0.049562
0.055642
0.028072
0.068157
0.016049
0.068094
0.021084
0.26401
0.034977
0.12062
0.026402
0.08025
0.015972
0.076118
0.025447
0.44181
0.796
2.0998
1.2063
1.8311
1.3419
0.7392
0.7777
0.73155
0.73293
0.74212
0.68686
0.76799
0.53474
4.6808
3.4427
0.16778
2.0841
0.15921
0.11609
1.5916
0.1042
0.08252
0.18927
1.623
0.16774
0.18457
0.39231
0.64675
1.8648
0.12887
1.9276
4.9302
0.58169
0.16348
0.03341
1.4943
0.065652
0.047733
0.094287
0.049366
0.082784
0.068562
0.043699
0.081947
0.033957
0.07794
0.065646
1.343
0.080832
0.029357
0.080186
0.055239
0.050181
0.074292
0.021867
0.071574
0.033153
0.057106
0.058018
0.027316
0.067954
0.017364
0.067961
0.080373
1.7696
0.95856
5.6442
0.84564
0.22841
2.3691
0.19139
0.06816
0.017153
0.067517
0.049592
1.461
0.067393
0.028339
0.056529
0.066059
0.068341
0.58997
2.5935
2.3246
0.18446
0.66338
0.67441
0.70921
0.6535
0.66224
0.65699
0.64868
0.63229
0.94574
0.72496
1.8863
0.29607
2.5531
2.0686
0.32502
1.5044
3.4955
6.2278
2.4054
0.2872
0.77527
1.3226
0.3313
4.0323
3.6107
1.0892
2.5254
0.58597
0.64879
0.61228
0.63626
0.61655
0.56071
1.7348
0.75725
0.14798
0.04479
0.067638
0.048531
0.035343
0.067242
0.055787
0.026687
0.066342
0.062553
0.021057
0.066701
0.065298
0.017067
0.066813
0.066889
0.018203
0.063779
0.06603
0.0175
0.0643
0.066033
0.015991
1.4095
0.061947
0.019529
0.06563
0.055288
0.026398
0.065529
0.046168
0.035508
0.06557
0.033753
0.047566
0.06533
0.018823
0.062842
0.060256
0.021082
0.065287
0.043533
0.063464
3.433
0.93184
1.7517
0.19052
0.23376
0.26291
2.9893
1.2793
4.3948
2.1182
1.5874
2.5334
0.23778
0.67157
0.31384
0.075161
0.10923
0.074204
1.4787
0.39291
0.53921
0.5662
0.57348
0.53728
0.54748
0.56405
0.52818
0.53599
0.55014
0.51137
0.53671
0.54559
0.49549
0.53969
1.7766
0.50459
0.53508
0.49342
0.52463
0.33931
0.32317
0.16339
1.2205
3.9847
0.3989
0.99562
0.77584
0.90272
0.74363
0.42505
0.63704
0.584
0.6045
1.9915
0.46917
0.30362
0.39597
1.4413
0.22748
0.035258
0.065871
0.065526
0.038601
0.044662
0.064617
0.053122
0.029632
0.064654
0.059474
0.022572
0.065192
0.060791
0.021407
0.064414
0.054972
0.026534
1.763
1.998
1.9816
0.92461
0.031223
0.050156
0.064301
0.017128
0.064368
0.053176
0.028504
0.064668
0.030133
0.051516
0.15097
2.7485
3.2408
0.22918
1.6525
0.19757
0.26923
1.4023
4.9345
1.8417
0.16973
0.1531
4.0335
2.016
0.10298
0.045633
0.054708
1.6603
0.02753
0.054869
0.063513
0.016147
0.07222
0.055569
0.030448
0.063464
0.026413
0.053207
0.062388
1.3638
0.063249
0.034398
0.04491
0.063272
0.01621
0.063236
0.036852
0.043564
0.063869
0.016487
0.063998
0.035772
0.044741
0.064133
0.016382
0.063997
0.031897
0.048539
2.743
2.0792
2.6792
2.5502
0.18367
0.1687
0.17706
0.12298
0.16256
0.46448
2.7148
3.3813
0.11198
0.16373
0.13437
0.14127
0.19064
1.9881
2.0326
0.042213
1.4028
0.19078
0.062861
0.10892
1.2387
2.0376
0.19128
0.074217
0.042069
0.04719
0.18828
1.9813
0.31189
0.032148
0.053358
0.062231
0.022606
1.171
1.2967
0.060936
0.052443
0.20599
1.1559
1.4324
1.8566
0.039073
0.067081
0.43094
3.1017
0.085534
0.051781
0.028338
0.063583
0.021539
1.34
0.054211
0.025337
0.063278
0.017546
0.061937
0.048853
0.030578
0.063946
0.023714
0.59141
3.1528
1.5097
1.3459
1.3513
0.043218
0.079251
0.058047
0.060611
0.13581
0.023079
0.22107
1.1631
0.019646
0.065391
0.039813
0.041821
0.065593
0.36547
0.74298
1.959
0.82702
0.77265
0.56826
0.22753
0.24871
0.27554
0.23564
1.96
2.5626
1.5167
2.0798
2.9954
4.9463
1.5042
1.815
2.8381
0.13039
0.13658
0.133
0.078693
0.035741
0.048039
0.065639
0.063932
1.3149
0.056701
0.065682
0.04492
0.037617
0.065058
0.061711
0.021852
0.063982
0.064868
0.029114
0.053064
0.065193
0.034614
0.047394
0.065076
0.03592
0.046008
0.06466
0.033536
0.048084
0.064877
0.027994
0.055552
0.064294
0.017253
0.064212
0.059126
1.3163
0.25436
0.023373
0.34919
2.4998
0.70386
4.5186
2.1627
0.12819
0.040182
1.4777
0.068158
0.040073
0.044018
0.065756
0.03295
0.049957
0.065472
0.017091
0.065604
0.057406
1.3235
0.066382
0.036588
0.047044
0.065374
0.017103
0.065106
0.048818
0.033841
0.065538
0.022827
0.059577
0.05966
0.02291
0.065473
0.034556
0.048372
0.065711
0.017041
1.3271
0.47646
1.0882
2.2306
3.3846
2.0599
2.4756
0.66063
0.65053
0.67838
0.63667
0.64619
3.7306
5.1827
2.2349
5.1151
0.69625
2.1738
0.21894
0.60653
2.0945
0.18439
2.7283
5.1579
4.8882
1.4063
2.0325
0.13133
2.2783
2.217
0.60885
0.073243
1.5543
0.065802
0.048761
0.033221
0.065552
0.044027
0.037874
0.065277
0.036938
0.045068
0.065549
1.4018
0.055016
0.065313
0.016334
0.065247
0.057008
0.024414
0.065027
0.042367
0.039253
0.064889
0.024659
0.056438
0.063943
0.017181
0.064653
1.4626
2.0027
0.18864
2.7056
0.149
0.064477
0.023873
0.056263
0.06409
0.031486
0.048694
0.063778
0.036686
0.042864
1.3538
0.037116
0.042688
0.06351
0.033152
0.24064
0.05279
0.09652
0.042446
0.05223
0.07332
0.023888
0.062659
0.066422
0.018262
0.06787
0.055392
0.027629
0.06707
0.045211
0.038842
0.067932
0.035847
0.049111
2.4893
5.4185
3.5869
5.4084
2.5653
2.4486
0.68864
0.74714
1.3385
2.629
0.68829
0.68474
0.63953
0.43328
1.629
2.2417
0.1718
0.51037
2.6728
0.58916
0.53423
0.56104
0.65725
0.10036
0.11865
0.13737
0.11183
0.099374
0.10698
0.054839
1.2604
0.065923
0.043116
0.038762
0.065139
0.043881
0.038142
0.065267
0.040672
0.040852
0.065104
0.036169
0.045214
0.064859
0.029774
0.050953
0.064741
0.019598
0.061097
0.063708
0.017264
0.064331
0.05056
0.02969
1.2314
0.10447
0.046038
0.064217
0.016302
0.089594
4.1003
0.20746
0.11702
0.059483
0.062056
0.017659
1.3759
0.041023
0.039771
0.063891
0.016227
0.063483
0.048133
0.031766
0.064461
0.01689
0.06372
0.051496
0.028261
0.063883
0.020624
0.059272
1.2315
0.074331
0.064316
0.023811
0.05674
0.058073
0.02273
0.064881
0.029627
0.051427
0.065101
0.016078
0.065176
0.041922
0.50005
0.79673
1.1855
2.7792
1.6012
0.65851
0.75463
0.74609
0.73352
0.60283
0.24654
1.915
4.127
3.8028
2.8032
0.54398
4.4275
0.53423
0.70364
0.99866
1.739
0.27143
0.67312
0.77081
4.5667
3.2144
0.30576
0.27669
0.15476
0.6997
1.156
0.067222
0.074428
0.021619
0.066733
0.063009
0.022736
0.067892
0.049423
0.03587
0.067743
0.034824
0.0506
0.067427
0.017531
0.067362
0.059894
0.024873
1.7758
0.058754
0.04047
0.066828
0.036957
0.047254
0.066707
0.020137
0.063782
0.060612
0.023109
0.066454
0.042118
0.041862
0.0663
0.021503
0.062194
0.060386
0.023216
0.073471
2.0678
0.51635
0.95743
0.9814
1.9828
0.27006
2.4605
2.9084
0.39448
0.12202
0.13713
0.31724
3.0153
0.52553
0.56244
0.18607
2.0035
1.893
3.752
1.6061
0.80246
2.0244
0.63713
0.5925
0.63565
0.63434
1.8643
0.67705
0.65731
0.61365
2.4491
4.8667
0.62389
0.59971
0.58052
0.60158
0.78465
0.55469
0.62609
0.56179
0.58986
0.53264
1.809
0.53816
0.56628
0.56745
0.34252
1.5413
1.1666
0.10302
0.14358
0.11743
0.10369
0.12665
0.18898
0.15436
0.17507
0.13993
0.14923
0.1609
0.12548
0.11855
0.11533
0.1299
0.13521
1.3473
0.71964
0.050446
0.068883
0.068373
0.047644
0.037697
0.068047
0.068658
0.032418
0.054189
0.068397
0.049302
0.03533
0.067454
0.063193
0.022678
0.065328
0.066997
0.030557
0.053141
0.066649
0.038581
0.045284
0.066503
0.043412
0.04002
0.066224
0.045938
0.42662
6.3993
3.8656
2.3581
0.66993
0.20177
0.28165
3.5284
1.8692
0.23394
1.2332
0.58765
0.10241
0.12872
0.10818
0.10041
0.12835
0.72919
0.92211
0.56707
1.3264
0.20215
0.19667
0.16687
0.24409
0.56809
0.21173
1.7361
0.5722
0.73472
0.71905
0.72929
3.0024
1.883
3.1496
2.531
3.2347
0.91297
0.2595
0.31784
0.29875
1.0082
6.5606
6.8158
3.9142
4.6111
7.3844
5.9272
2.4016
0.27374
0.21057
0.16717
1.7204
3.7623
3.6223
0.47915
1.6205
0.25271
0.24062
0.17995
0.074124
0.072266
0.070339
0.79101
0.70331
0.06931
0.066928
0.064733
0.062081
0.060012
0.058367
0.059178
0.06583
0.065266
0.065013
0.06478
0.06132
0.047026
0.044997
0.058033
1.7887
2.0016
1.4864
0.036451
0.057832
0.063822
0.062847
0.032878
0.049301
1.9404
1.553
0.045814
2.3239
2.2589
1.7196
1.1289
1.0732
0.59614
0.064811
0.063967
0.03791
0.043768
0.064088
1.3053
0.03816
0.65806
0.70227
2.109
1.1428
0.36044
0.49764
1.9979
0.5581
0.080797
0.096838
0.11226
0.37349
0.14281
0.20163
0.092529
0.12874
0.090896
0.62531
0.41583
1.5335
0.14519
0.081726
0.028566
0.079763
0.065447
0.030122
0.070218
0.040528
0.049357
0.069262
0.15982
0.22351
0.22885
1.1089
3.4736
0.89187
1.0627
0.47675
0.047157
0.60691
1.736
0.18068
0.23546
0.2113
0.18387
0.40574
1.8714
2.1003
1.3772
0.18196
0.22701
0.22125
1.1116
1.8557
1.0367
1.9636
0.054579
0.027874
0.065503
1.3507
0.065573
0.87247
1.7384
0.065874
0.016344
0.4373
1.9985
2.0179
0.056637
0.025364
0.065581
1.3648
2.0084
0.037324
0.04453
0.06237
0.38084
1.9933
0.7365
2.6965
3.913
2.5505
1.6124
1.7155
1.6386
0.51237
0.79863
0.034018
1.5098
1.9904
1.9395
0.32642
0.94549
0.024583
0.77255
0.22774
1.5781
1.02
0.84811
0.066163
0.045164
0.88789
0.59479
1.9558
0.3333
0.79663
0.030576
0.06618
0.80883
0.83334
0.76556
3.0892
0.067719
0.030958
0.052273
0.066052
1.0079
0.13942
4.043
6.5242
1.4417
4.3715
1.5329
0.63394
0.51427
1.8049
0.25636
0.51964
0.99697
4.8235
4.7473
4.7987
3.7525
1.4153
0.56572
2.1098
0.55925
0.31223
0.12538
3.4028
5.2424
0.94239
0.36492
2.1415
2.4043
0.58973
0.13619
0.36241
0.52027
0.0376
0.2965
1.7947
0.39936
0.41752
0.059111
1.893
1.5672
0.045933
0.38015
0.45053
0.41407
0.2423
0.21652
0.62552
2.3866
0.42503
0.27569
1.8341
0.41658
0.42895
0.44504
1.6119
1.9364
0.094077
0.28761
0.44243
0.97787
2.7342
2.9307
1.3289
0.49333
0.41143
0.41542
1.9516
2.8264
0.40532
0.43753
0.42298
0.043944
0.41945
1.059
1.5589
0.29856
0.21277
0.16664
0.34103
1.2361
1.4622
0.29244
0.42289
0.44213
0.3932
0.39368
0.051057
0.79464
1.7967
0.13379
0.31363
0.06511
0.27764
0.12936
1.4099
0.14699
0.10029
1.8397
0.28991
0.29173
0.98429
2.8519
1.0798
0.85974
1.8059
0.2785
0.25536
0.30243
4.2819
3.5919
3.4626
5.0145
4.8868
2.3154
3.8149
0.31454
0.37289
1.7703
0.031416
0.41699
0.31564
0.035964
0.2329
0.4312
0.28448
0.26357
0.24663
0.50377
0.45187
1.4399
0.20119
0.46748
0.72197
2.3058
0.2418
0.10429
0.45974
0.40875
0.4492
0.44375
0.41116
1.7956
1.3445
0.057926
0.35563
0.4041
0.45499
0.41829
1.6244
1.3798
0.071583
1.768
0.41678
0.42695
0.45118
0.61568
2.782
2.0413
2.8902
0.76809
1.6093
0.47976
0.31151
0.20385
0.46002
0.28597
0.090842
0.44533
0.1916
0.26073
0.18152
0.34355
1.5348
0.09403
0.44694
0.12624
0.32574
0.16994
0.17979
0.49069
1.1354
0.27858
0.32944
0.12773
1.8288
0.062022
0.2108
0.10592
0.15594
0.21627
0.080221
0.043534
0.25754
0.074537
0.10788
0.19243
0.05764
0.14231
0.30508
1.2266
0.069684
0.35054
0.029777
0.080457
0.22152
0.16877
0.080182
0.089851
0.34449
4.6329
2.623
0.2097
1.8079
0.39692
0.2324
0.38559
0.35643
0.25493
4.0194
4.207
1.4311
0.041871
0.30685
1.9
0.43869
0.45464
0.028176
0.17203
0.44709
0.40535
1.7544
0.91229
0.050711
0.45132
1.1035
1.2783
0.26481
0.15197
0.74024
2.1689
0.1286
0.20061
1.1139
0.4271
0.46176
1.6565
2.2135
0.72359
0.092411
0.44821
0.39603
0.79654
3.9782
4.6871
2.2704
0.44308
0.44
0.43937
0.39695
0.44213
1.7525
0.39352
0.44284
0.43341
0.39991
0.43944
0.41327
0.29586
0.30264
0.3932
0.44353
0.4223
0.41209
1.5861
0.49158
0.25013
0.22514
0.16429
0.40231
0.39614
0.20967
0.35132
0.36482
0.18936
0.39585
0.44559
0.41418
0.42709
0.44495
0.33141
0.26273
2.4316
1.3049
1.0052
0.80257
0.31819
0.18329
0.5247
5.0487
4.9466
2.3897
3.274
0.28317
0.19518
2.3563
0.28613
0.70924
0.62961
0.4518
0.25912
0.53404
1.8345
0.25231
0.42547
0.47863
0.25856
0.47818
0.48248
0.60064
2.6006
1.0065
1.9965
0.0698
0.43367
0.42136
0.13142
0.28318
1.7166
0.4483
1.1834
1.2286
0.21142
0.43385
0.21369
0.25351
0.42932
0.41955
0.66929
1.5229
0.42628
0.44651
0.41055
0.35346
0.1715
1.0607
1.5862
0.15937
0.32448
1.4433
0.31164
0.32369
2.6603
3.033
4.8844
4.9515
1.0571
3.536
0.73298
0.50184
0.45035
0.50044
0.30047
1.5141
1.2384
1.433
0.48297
0.1327
0.34606
0.40793
0.23442
0.33369
2.791
1.5465
0.67817
0.91418
2.5131
1.2778
2.1983
0.6562
0.66517
1.6882
0.18081
0.52595
0.45482
0.16796
2.1924
0.85487
3.0311
0.77346
0.85419
1.0548
0.96871
1.9212
0.45606
3.7268
5.1186
0.36906
0.51038
0.62573
2.2317
4.4088
1.2761
0.44305
0.4728
0.42954
1.5857
0.67992
1.6165
0.40331
0.50054
0.98465
1.8295
0.42517
2.0165
0.74235
0.38295
1.3973
0.44883
1.5133
0.43155
2.6041
0.78925
0.93992
1.4274
1.1877
3.2453
0.082607
1.4985
0.50078
1.684
0.49779
1.9339
0.56575
3.0893
1.1506
1.1889
0.94492
1.4853
0.98982
1.8206
2.5669
0.84117
1.6266
0.64959
2.2571
1.798
3.3607
1.2842
0.50339
1.5244
0.42427
1.9584
4.1295
5.1383
3.1035
3.9194
1.7938
0.43923
0.34995
2.9677
0.506
0.48369
0.52747
0.46022
1.6348
0.46857
0.51503
0.48903
0.49432
0.50988
0.47416
0.52703
0.4555
0.52785
0.47102
0.5103
0.47952
0.65345
1.3908
1.1725
1.1626
5.5168
5.5993
6.3015
4.0707
3.1575
4.7357
1.8783
3.1336
2.5597
5.4047
6.0827
2.9318
3.5807
1.7924
4.5222
4.9485
5.0039
1.402
2.4081
0.72927
3.3905
0.60991
0.28462
1.943
0.638
0.63164
1.4563
1.0804
0.62146
0.43752
0.25894
0.6252
2.5729
0.48875
0.31313
1.7147
0.17266
0.2474
1.4271
0.45429
1.0198
0.37173
0.51361
1.3081
0.16839
1.4382
0.42626
1.3668
0.45042
0.86486
0.72003
1.0036
2.3597
0.041283
1.4517
0.44779
0.65527
1.2027
0.18869
1.1364
2.1324
4.1868
2.3584
0.41652
0.68467
2.128
0.62353
0.38684
0.3588
1.2602
0.28771
0.44031
2.5621
1.5146
1.3884
2.143
0.3631
0.53132
0.65761
2.9456
1.3366
0.53109
0.18977
0.33198
0.1461
1.3784
0.14992
0.82776
0.62732
0.077346
0.28498
0.080289
0.15852
0.17609
0.27138
0.25124
0.15287
0.13028
1.9576
0.90411
5.207
5.7163
3.0435
2.1052
0.30539
1.9961
0.70007
0.26199
0.22436
0.24796
0.17863
0.14029
1.4418
0.12753
0.12901
0.089718
2.8369
1.4749
0.46987
4.2246
0.30398
0.13366
0.13517
0.11791
0.41683
0.061373
0.067426
0.049286
0.23675
1.6239
0.066834
0.032319
0.050459
0.36216
0.28435
0.030434
0.066219
0.066174
0.40909
0.050612
0.065741
2.2247
0.81563
0.066034
0.066091
0.025831
0.3228
0.088313
0.04248
0.053973
1.4584
0.221
0.023916
0.06533
0.35263
1.0479
1.6731
0.27681
0.37961
1.1902
0.34031
0.098073
0.42099
0.04369
0.064946
0.070752
0.35671
0.066014
0.065784
0.22055
0.24363
0.064992
0.04482
0.27875
0.12299
0.060506
0.022414
0.57371
1.1298
0.032132
0.06041
0.071836
0.080204
0.45764
0.96081
0.055361
0.026558
0.21971
0.096961
0.10432
0.045
0.081061
0.045293
0.046358
0.072563
0.049072
0.037658
0.069419
0.058226
0.026303
0.068367
0.067778
0.024517
0.058814
0.067463
0.034527
0.048872
0.067123
1.2843
0.038936
0.066948
0.053908
0.030439
0.066899
0.061674
0.021182
0.32768
0.14458
0.15125
2.1422
0.15178
2.2052
0.070356
0.066706
0.06632
0.032206
0.050387
0.066301
0.043851
0.038432
0.066358
0.055264
0.02755
1.3072
0.065442
0.021633
0.061609
0.066077
0.031249
0.051496
0.066191
0.041319
0.040771
0.066171
0.050364
0.031731
0.066154
0.059604
0.022431
0.066277
0.53458
2.9198
4.7968
0.68518
0.12922
0.054888
0.04608
1.3582
0.054502
0.027406
0.065716
0.063586
0.31583
0.063981
0.066656
0.029414
0.052704
0.066102
0.2735
0.039827
0.065691
0.054058
0.21276
0.065684
0.16531
1.3735
0.059338
0.24091
0.093937
0.048402
0.30199
0.043691
0.25988
0.064722
0.20655
0.097163
0.98089
0.32405
1.1843
2.0628
3.7836
0.9464
0.62722
0.54407
2.0886
0.38668
0.56151
0.30517
4.1864
4.5663
2.739
0.75303
0.2167
1.8536
0.36566
0.14017
0.3032
0.14926
0.18107
4.0319
0.27979
0.36209
0.39601
0.28213
0.39716
0.27855
0.43285
1.4433
0.72393
0.41366
0.40042
0.040438
0.32272
0.93785
0.34436
0.10164
0.31868
1.0034
0.13313
0.37047
1.3039
0.25271
0.27367
1.1054
1.6782
0.082293
1.9154
1.3877
0.22358
0.28012
0.12221
1.2856
0.15091
0.32086
1.2839
2.1469
5.8058
6.3233
4.1961
1.6581
2.2557
1.9986
0.73246
0.33335
1.1999
1.0031
1.2598
1.0208
0.30211
1.0138
2.6329
0.998
1.5528
0.06249
0.35334
2.7747
0.49888
0.14432
1.0835
0.26777
2.941
0.45984
0.17385
0.25847
0.90397
0.32477
2.575
0.30257
1.3828
1.1145
0.13728
0.85242
2.0969
0.26503
1.1932
1.7049
1.6429
5.342
2.555
0.61421
0.50117
2.1788
0.48711
0.22676
0.53315
3.6635
0.88609
1.4145
4.9089
1.4949
1.9742
0.39909
0.16118
1.8003
1.7906
0.51725
1.9116
1.1545
1.8211
2.2226
0.84715
1.8975
1.5162
0.34136
1.2365
1.3641
0.074167
1.8017
0.76099
1.0624
0.4157
0.033387
1.4543
0.50453
1.823
0.19531
1.9444
0.41732
0.05961
0.4902
2.8622
0.82788
0.45866
1.8772
0.56157
0.4432
1.4877
1.9041
0.16635
0.22212
1.0604
0.3526
1.3386
1.9447
3.5219
2.5682
0.54528
3.2729
0.062962
0.39737
1.3992
1.93
1.6175
0.35105
0.25382
1.9026
1.7846
1.5202
1.1448
0.20504
2.1383
1.8156
0.25416
0.45818
1.6366
2.2387
0.52831
1.4902
2.5756
2.3339
0.48584
0.51691
1.5109
1.5713
2.1174
0.49222
0.47681
0.67068
1.4189
2.5544
2.0981
2.478
5.5179
6.5557
1.5529
1.6179
1.3742
1.5166
0.51545
0.47789
3.2131
6.3476
5.9377
5.1546
2.0879
2.048
0.41813
1.6101
1.3018
1.0778
0.44135
0.24706
0.21237
2.3913
0.21083
0.43399
0.58421
0.61386
0.59333
6.121
3.555
0.61524
0.50978
2.1944
1.4815
1.2002
0.62576
0.5643
0.13994
0.45113
1.9988
0.81106
1.5522
0.44412
0.64621
2.1707
0.18117
0.40264
0.1682
1.0928
1.6063
0.34313
0.23922
0.28548
2.3465
0.18389
0.40225
0.44797
1.6667
1.0003
0.232
0.39809
1.1192
1.9384
0.15554
1.0034
2.9038
3.6426
0.45425
0.56182
2.9035
2.0702
0.40812
0.22494
0.96038
2.3129
0.24184
1.6966
0.78579
2.2704
0.48753
0.41059
0.71938
2.2408
2.4555
0.72137
0.29149
2.3143
1.4181
0.42003
2.6404
0.25382
3.2117
0.82807
0.56132
2.0015
0.18826
2.2083
2.0178
0.2346
1.7323
0.25011
1.5512
3.3657
0.12616
0.50402
1.1981
1.9727
2.2638
0.50087
1.6174
1.5296
1.2358
2.2763
1.4046
1.3821
0.15989
0.74072
0.94449
0.27368
1.6606
2.0906
0.34546
1.4642
1.5853
0.4781
1.0252
0.60557
3.2694
0.067212
1.2027
0.37332
0.28074
2.3934
0.10748
2.0384
1.5266
1.3437
0.168
1.3189
0.2606
0.13619
1.4713
2.0804
0.5463
1.1964
0.14558
1.3058
0.17061
2.1917
1.2181
1.4903
1.5687
0.15017
1.3901
2.1259
0.3518
0.1538
1.4931
0.56969
3.3113
5.2189
2.2166
0.42174
2.8324
1.6988
2.1413
1.1319
0.22915
0.79844
1.2372
1.006
2.1399
1.0433
0.34794
0.35628
2.3864
1.5334
1.2064
2.4664
0.33067
0.29966
0.20054
2.0391
0.46449
1.3331
0.07786
2.5046
0.37852
0.085621
1.2083
1.3582
0.43699
1.7802
3.5262
1.3141
0.80286
0.21004
4.9064
2.6186
2.0427
5.5759
5.8079
4.4832
3.045
1.6189
3.1401
5.2539
0.89057
0.48699
2.7637
0.55995
4.1055
6.3131
4.3315
0.25444
0.53425
2.0402
0.29682
0.65926
2.3192
1.3151
0.65188
0.65691
0.39002
1.9454
2.6202
1.6833
1.0347
0.61747
1.3206
0.98695
1.9684
1.5203
0.35852
1.3746
0.87896
1.4766
4.1976
0.078608
0.3706
1.7667
0.1426
2.0309
1.7695
0.92964
2.0823
1.5981
0.52074
2.4742
2.6038
0.85043
2.7756
1.7328
4.7338
0.48511
1.7034
1.3207
1.2342
2.6756
0.50123
2.1464
0.19088
3.0955
1.9669
1.4767
1.0949
0.97282
2.0302
1.1614
1.114
1.6689
1.0396
0.10562
0.4172
0.22098
0.19146
1.7887
1.6767
1.0916
0.66177
0.35032
0.41295
0.15336
0.4583
0.15889
0.25931
1.7521
0.05153
0.31234
1.6805
0.04507
3.3226
2.3697
5.1676
1.4222
0.46322
0.19915
0.37072
0.63326
1.4219
0.88209
5.3453
2.75
4.942
2.7037
0.30558
0.12043
2.3576
1.3478
5.1308
5.3087
0.24396
0.26535
2.2909
1.3059
1.5243
1.0378
0.41836
2.4056
0.065344
0.37692
2.1381
2.3392
0.13665
0.41603
1.8167
2.9565
0.49532
1.2036
0.6288
0.75244
1.4309
0.16496
1.4783
2.1436
2.5884
0.20754
2.9667
1.4167
0.22346
0.43977
3.5673
0.42498
0.79097
1.3639
1.0148
3.4731
4.3494
0.84532
1.1734
0.84966
0.89366
2.7321
0.32875
1.9829
0.99227
1.4214
1.1624
1.5478
1.2085
0.54173
0.2492
1.5187
0.06405
0.41383
1.9726
0.81181
0.063361
0.30295
1.2076
0.30298
0.19746
1.5762
0.083429
2.086
0.034449
0.22161
1.1996
0.40531
0.30129
0.063334
0.29228
0.32912
1.6861
1.6047
1.4312
0.55522
0.29392
1.8271
0.41886
1.9986
0.36037
0.39459
0.19153
0.35778
2.3598
4.8771
5.5132
2.1816
1.0275
0.12059
1.9804
1.2414
0.88288
0.76083
3.3638
0.6309
0.18064
0.26878
0.52324
0.51898
1.8294
1.4214
1.5971
0.072272
0.2741
1.9462
0.064402
0.30969
3.5318
0.77299
0.064141
0.40017
1.7085
0.063807
0.49901
1.4836
1.0653
1.4807
1.2744
0.20006
1.486
0.50214
1.8827
1.7785
1.5889
0.23572
2.3708
0.018067
0.36471
1.6713
1.084
5.1738
2.0415
2.1319
0.90417
1.9093
3.1324
0.25
0.36336
1.4368
0.063971
1.1517
0.47385
1.1618
1.333
2.2001
0.3491
0.34158
2.0922
0.12342
0.42608
0.66155
1.7094
0.061279
1.492
0.048849
0.20375
0.21203
0.13089
1.0497
0.065509
0.35634
0.13928
1.0973
0.83499
0.17018
0.28344
1.4953
0.18396
0.39863
1.6634
3.7044
4.8571
2.5282
0.21094
0.1657
1.6311
0.26815
0.487
0.16673
0.18979
4.9164
4.8997
1.8718
2.7129
0.83149
0.09685
0.44639
0.72027
3.0699
1.9388
0.5668
0.22949
0.226
2.0284
2.2645
0.30137
0.4566
0.16945
0.25427
0.39036
0.92773
0.62247
0.27973
0.49068
1.2163
1.3493
2.9194
0.61882
0.05701
1.5874
0.098213
0.47751
1.0853
0.10527
3.8839
0.78129
0.18236
1.4585
0.26434
0.95016
2.9238
0.095326
1.7738
0.8285
3.6544
4.878
4.6352
4.4456
2.1019
0.68243
3.2061
0.42519
0.1599
1.9208
1.2436
0.15534
1.212
0.072522
2.1056
2.978
0.24821
0.9146
0.81646
0.42516
0.60839
2.5967
0.4774
0.19041
1.471
0.47429
0.36495
0.95287
1.2121
1.4147
0.04871
0.25568
0.42545
0.18152
0.26631
1.3511
0.22944
0.068781
0.50795
2.8399
1.6296
0.66371
0.63083
0.30525
0.26715
0.55669
2.0211
0.92228
1.5472
1.1934
4.2051
3.5182
5.0108
1.1023
1.5104
0.88029
0.22377
1.7404
3.606
0.43245
2.8115
2.365
0.42764
0.35919
0.15865
1.5283
0.15184
1.996
2.2912
0.3767
1.4557
0.30788
0.35085
3.0724
1.6438
0.072189
0.412
1.453
1.1495
0.22693
2.671
0.07081
1.5261
0.17154
0.79666
2.9996
0.27226
1.1287
1.502
0.049769
1.4676
0.13754
0.99884
2.915
0.56194
0.23639
3.2061
2.6775
2.1837
0.56741
3.2313
0.3058
0.78123
3.0729
0.15228
0.32121
1.4964
0.073289
0.41344
2.7574
0.70191
0.31954
0.13607
2.4693
0.19233
0.98685
3.4197
0.04254
0.19978
0.29184
0.060648
1.3725
0.065248
1.0282
1.7108
0.064861
0.88102
1.4138
2.773
0.45728
0.080972
1.3854
0.10926
1.9147
0.75662
0.14724
2.9652
1.4272
0.36455
1.0762
1.7833
0.83969
0.8078
1.1623
1.6859
0.23512
0.40989
0.80471
0.2443
0.4509
6.1018
4.0415
0.12368
0.10127
1.6476
0.2543
0.15303
0.46838
0.14648
1.0414
2.6741
0.095699
0.20903
0.31645
0.51962
1.2414
0.16079
0.37208
0.23715
1.1983
0.11503
2.0536
0.37804
1.4006
0.14248
0.17815
0.26525
1.1643
3.2402
0.25456
0.27319
0.19668
1.4606
0.26343
1.4004
2.5279
1.0285
0.2261
1.3633
0.13496
1.3856
0.066478
3.5193
0.11958
0.57742
1.35
0.019068
1.8889
1.7875
2.3886
2.9735
6.6033
4.2951
6.4344
1.189
0.64647
1.6329
0.85689
3.0208
1.7371
0.72838
0.21812
0.26878
1.2469
0.30141
2.0044
0.77324
2.3406
0.22816
0.24884
1.2456
2.3378
1.7804
0.84351
0.13559
0.43901
0.2421
0.28909
0.46426
1.4667
1.1996
1.5698
0.068024
0.19245
0.4547
0.15984
1.2918
2.3506
0.16239
0.39517
0.61517
0.27657
1.1261
3.3167
1.4993
2.1301
0.35878
1.8242
0.55915
0.69108
0.80855
0.75954
1.9644
3.5988
0.43983
0.2303
2.475
1.4755
1.41
0.061664
1.414
1.3807
0.29776
3.0127
2.3205
0.17725
0.31445
1.2432
0.45299
1.3512
2.4853
0.075861
1.6775
0.041986
1.5976
2.2534
0.50291
1.6064
0.20617
1.9975
1.3134
2.4782
1.6034
0.22478
1.7997
1.4957
2.3257
1.3854
0.14699
1.5131
1.4701
1.7712
0.49295
1.1858
0.59397
3.2718
6.9666
3.8398
0.51528
0.60568
0.77249
2.9817
4.2733
1.3733
2.7318
1.5548
0.80223
1.8051
0.39861
0.49934
1.6447
0.59991
2.9701
4.4892
0.51251
0.2552
0.29759
0.31005
0.54892
0.54364
0.56824
1.7441
0.29423
0.46561
0.27139
0.51843
0.20503
1.5551
0.82798
1.454
4.2074
3.8805
1.2813
0.59315
0.2761
1.6502
0.70396
0.4129
0.25291
0.50997
0.8367
4.9683
5.379
3.421
3.5506
0.3825
1.0136
1.3622
0.43921
0.61863
0.53406
0.21023
2.1626
0.30555
0.41004
0.50802
1.7939
0.93615
2.6099
2.7375
0.067026
0.43085
0.42571
1.8811
1.1404
1.72
0.32702
0.052936
0.84999
2.2261
0.62283
0.33383
1.01
1.1709
1.6671
0.33538
0.9596
0.37384
1.8419
1.08
2.0261
1.6359
0.5459
2.2449
0.1323
0.33414
0.29746
4.4094
0.97864
0.18955
0.68042
0.97171
3.3013
2.4802
0.73696
1.1994
2.5213
6.4529
2.4159
0.38044
2.8281
1.1126
1.941
0.070814
0.33922
1.1557
0.79414
1.9765
0.10836
0.26532
2.3298
0.28512
1.1954
1.4066
0.20384
0.071214
0.3494
0.067314
1.629
1.4434
0.040394
0.056471
0.31917
0.071681
0.041879
0.52832
1.9882
0.45867
0.32616
0.060817
1.3544
0.67216
1.9674
0.21805
0.35938
0.061971
1.3419
5.0315
0.53595
0.22932
0.54359
2.0553
1.3202
1.5221
0.52816
0.34183
0.12664
0.23648
1.6615
1.1354
0.11427
0.2859
0.077378
0.31322
0.028892
1.5941
0.069938
0.23287
1.3893
0.2801
1.4267
0.37496
0.18615
0.63995
1.6956
0.11004
1.3456
0.035031
0.36767
0.11881
1.5776
0.030187
0.39584
1.9534
0.45333
1.3368
0.10253
0.32244
0.082073
1.314
0.04345
3.0162
5.5449
4.9282
3.1778
0.37745
0.99698
0.57991
0.25648
0.60378
1.918
0.8284
2.3018
0.088877
1.1379
0.25213
0.10689
0.44162
1.3655
0.036777
0.36831
0.32913
0.54775
1.6301
0.050261
0.2326
0.26335
0.10358
0.34735
1.3458
2.945
1.0524
0.06532
0.21092
0.18087
0.065937
0.387
0.057502
0.19378
0.50897
0.1747
0.4939
0.26909
0.20711
0.58866
0.25114
0.1765
1.803
0.70015
0.19594
0.2368
0.48437
0.27071
3.503
4.962
4.5046
3.7589
1.3293
0.084026
2.6448
2.2069
2.0224
0.51237
0.096957
0.33552
0.33473
0.088988
2.1825
1.4115
0.030657
0.42563
0.17349
0.95433
0.90148
0.064969
0.42795
0.14205
1.5271
0.30713
0.040809
1.4724
0.25273
1.5908
2.0631
1.1396
0.73049
0.044652
0.7854
1.0397
0.14944
1.4224
1.7339
0.60475
1.382
0.34132
0.17744
3.0764
2.2103
3.8352
4.179
0.12945
0.33384
1.5741
0.22356
1.5626
1.6262
1.1074
1.5485
0.40506
1.8591
0.3923
1.0881
1.206
1.4153
0.027193
1.0161
0.88088
1.7341
0.74411
1.0483
0.39324
1.0506
1.1168
1.5125
0.31004
1.2714
0.063639
1.4655
1.9965
1.2919
1.2564
2.322
0.24916
0.17019
0.91913
1.5253
0.70925
1.7173
1.3045
0.30858
0.49267
0.46642
0.61427
1.4004
1.5882
1.3385
2.3044
0.24869
4.9254
4.2654
0.086814
0.49593
0.8813
1.9215
0.20229
0.24432
0.31374
0.16007
0.46745
1.0394
2.8312
3.1286
0.23324
0.57125
2.6957
2.2394
0.46863
0.38774
1.2312
3.0054
0.95612
1.2465
0.32997
0.72476
3.6575
1.312
0.25889
0.89311
0.43502
1.5371
2.5408
0.28185
1.4584
0.030598
2.6693
2.0134
0.095814
2.8489
0.29281
2.1979
1.7423
0.26074
2.0902
5.68
1.5427
2.2439
1.2786
2.0682
3.0002
1.2361
1.4011
0.44384
2.0291
3.6534
1.9223
0.4412
1.5336
1.3248
3.2715
0.4081
1.4417
0.44873
1.915
2.105
0.24582
1.414
1.5473
3.0426
1.232
1.1726
0.72114
0.44917
4.3131
0.24408
0.26082
0.45862
2.6696
1.1772
0.12238
0.45709
1.5522
1.6607
2.6179
3.588
1.1329
0.28209
0.51474
1.045
1.7879
1.1595
1.551
0.607
0.46592
3.4723
6.0616
4.2946
5.3897
3.5501
0.12358
2.1736
1.7585
0.11149
0.26251
1.9358
1.6294
1.0347
0.46455
1.5932
0.48488
0.25264
3.341
0.49896
0.49951
0.10311
0.27097
1.0095
2.2487
0.15499
0.29041
1.1811
1.4459
2.0029
0.63916
1.245
0.064613
0.43171
3.0079
1.1553
0.085093
0.5287
0.80024
1.2207
1.6233
1.4915
0.24115
0.12373
1.4829
4.0583
0.24315
0.67937
2.2328
3.445
0.94448
1.5828
0.44254
1.4503
0.11242
2.0441
2.1852
0.25199
1.5334
0.22829
0.74489
2.559
0.017202
0.77634
2.6003
0.33835
0.7351
0.85845
0.85311
2.4801
0.70107
1.8664
2.9039
2.809
0.18917
0.33577
0.4507
1.4489
1.1834
0.076136
0.38627
0.64538
0.44607
1.4487
0.84265
1.7262
1.4249
0.46133
0.28145
1.2104
0.35272
0.85783
0.83928
0.14798
1.5042
0.53626
0.87605
4.8289
6.1398
2.181
2.7693
2.6629
0.72904
1.7814
0.33291
2.2148
1.369
0.52413
0.3072
0.6158
3.3137
0.58185
0.63714
1.6427
1.1706
2.39
0.21965
0.31658
2.2518
1.9308
1.914
1.1862
1.819
1.7872
0.20281
0.46914
2.0203
1.7704
0.17811
1.9899
0.96874
2.1725
1.8814
0.21322
0.29405
2.1497
2.1371
0.36192
0.28849
1.6406
1.0793
1.388
0.46012
2.0244
0.20246
2.3545
0.53243
3.1142
0.49422
0.30088
3.901
1.1118
3.7176
4.0085
1.848
0.42289
0.66421
2.6984
2.2361
2.448
1.6868
1.7302
1.6464
0.74573
2.2591
4.4024
1.7615
1.3183
0.57331
0.68118
1.5515
0.72773
0.51881
1.003
2.3421
0.10054
0.4563
1.0099
0.49965
0.46333
3.0017
0.48385
1.5805
1.2577
1.001
1.6617
0.47344
1.7913
1.3046
0.94206
1.82
1.0066
3.1475
2.403
2.9716
3.5332
2.3019
1.2763
0.33803
0.82439
1.7499
2.4735
1.3138
0.3207
1.3572
2.5569
0.55854
0.28309
0.77089
3.6759
0.35778
0.53837
0.36535
3.3588
1.0574
0.4271
0.10521
1.9132
2.0198
0.46967
1.2582
0.41804
3.1926
0.59918
1.6808
1.4481
2.0994
2.033
0.29318
1.1611
2.8326
0.20177
1.5604
1.0086
3.0327
0.13913
1.6864
1.4754
2.6617
0.11371
2.9364
2.4127
1.1958
0.9333
1.0337
2.5516
2.1869
2.8126
7.9395
4.102
2.2312
3.7685
5.8732
4.7704
2.1038
3.2251
0.97458
3.8515
3.7557
1.539
0.84423
3.6286
3.4192
2.4101
0.7486
1.1669
3.2724
0.84747
0.42023
2.1728
2.8466
5.6372
4.2207
4.0517
3.1091
3.261
2.8321
3.0844
2.8864
2.9415
3.0274
2.7042
4.3201
2.8581
5.0338
3.8457
3.118
2.386
0.53186
0.68448
0.75561
1.5258
0.31462
1.477
0.53236
1.7353
0.38785
2.6242
0.8578
0.48762
1.5802
0.30594
4.0297
5.5867
3.3669
0.52524
3.3461
4.1806
2.966
0.81715
2.3425
0.14544
0.60192
2.191
1.9542
0.2181
3.0713
2.4806
1.3934
2.7809
1.7733
0.48796
2.0831
2.2913
1.7692
0.40591
3.589
1.3911
1.9275
1.4955
3.2006
0.43504
2.6506
2.1008
0.88039
2.754
2.1089
1.1611
1.6543
2.5724
2.9368
2.5751
6.8955
2.8385
0.54149
3.1591
2.0743
2.8958
2.3052
3.78
1.2983
2.497
4.4129
3.9287
1.324
2.0928
2.4579
1.9692
0.55177
1.632
1.2486
1.983
2.9108
1.561
0.41874
2.0864
1.9049
0.46334
0.54093
2.7213
1.5884
1.0372
2.0475
0.20104
0.46212
2.5242
0.45203
0.72737
2.1397
0.462
3.268
1.2439
0.54697
3.5107
6.2404
1.7415
3.5674
0.44935
2.0909
2.8264
1.7588
1.3867
1.059
2.0722
2.6367
0.19479
2.0001
3.5084
6.0258
4.4784
0.33179
1.3745
0.52818
2.8804
3.2504
0.56054
0.28832
1.3892
1.6437
1.2411
1.292
0.24543
2.1287
1.8921
0.41375
2.7232
0.22721
2.8333
1.1447
0.53884
1.4065
0.30966
4.1272
0.3898
0.29108
0.85262
2.1665
1.3215
1.4691
0.095593
1.3466
4.0845
2.6337
3.8949
0.32357
1.0686
0.89739
1.7611
0.49658
1.7655
0.29273
3.8842
1.6921
1.5432
0.30863
1.7932
0.42613
1.8426
0.050068
3.2212
0.17703
1.7305
0.41633
1.6076
0.065896
2.2149
0.35809
0.56965
3.3523
1.0267
0.30395
1.2492
0.21683
0.86248
0.73612
0.24804
2.225
0.48003
0.4428
1.3467
0.24907
0.20495
1.7909
0.74846
0.52471
2.0622
1.4435
4.8947
5.1494
4.827
3.5681
6.819
1.1096
2.2383
0.21431
1.561
0.053579
0.31179
0.21694
1.6295
0.08347
0.33076
0.12052
0.33671
0.09442
0.37862
1.0798
1.0163
0.27281
0.32019
3.5393
0.7371
0.26915
2.5262
0.87334
1.8039
0.18722
1.2081
0.19391
1.9238
4.1291
1.6267
0.18948
3.3387
1.984
0.50458
0.1188
1.5361
0.13475
2.251
0.21254
2.4233
0.82715
0.80218
1.782
2.7628
1.1354
1.4543
3.0189
4.2776
0.56306
0.14628
1.4607
2.195
1.8464
0.44371
1.0629
0.29505
3.8202
0.87501
0.13938
0.69159
0.99736
2.263
0.48735
1.9813
0.75792
0.18794
1.7472
0.82735
2.1701
0.42635
0.35647
2.4995
1.1323
0.090924
0.4269
1.0219
0.95084
1.7607
0.064451
2.2953
1.4292
0.20585
0.71708
2.0142
0.2304
0.47221
0.08177
2.3853
0.58685
2.0073
0.51968
0.37473
0.24104
0.65689
2.4117
1.4075
4.0402
5.2828
2.7424
0.24465
3.8359
1.1649
0.53766
1.4975
0.13391
0.49426
2.1034
1.9715
0.66
0.10921
0.5921
0.83701
3.7721
2.3946
0.73415
0.80382
0.52414
0.063516
0.36992
0.97825
0.98057
2.9543
0.28868
0.89239
1.1764
0.064537
2.0593
0.42442
0.45784
1.0486
0.39697
1.2304
1.2416
1.8589
1.205
0.21511
0.77561
1.7677
0.29064
0.068581
3.0843
0.18598
3.0227
3.3753
3.7705
0.40695
1.9511
1.6795
0.41501
0.29025
0.69544
1.2691
1.9591
0.46617
1.3605
1.2209
0.54953
1.7017
0.57056
0.4421
0.057724
2.8595
0.36493
0.98328
1.6951
0.064808
0.28081
0.13652
0.18606
0.55861
1.9571
0.05785
0.36023
0.027928
0.30758
0.20951
0.67778
1.7924
1.53
0.52423
0.39687
0.52893
2.083
3.6107
0.26734
3.471
0.52146
0.22468
0.39052
0.45233
4.1898
3.1343
0.46539
0.28518
2.3038
0.50819
0.15714
0.45232
0.35561
0.089668
0.3368
0.045938
0.75491
0.70208
0.22592
0.42392
2.0161
1.2706
0.3292
0.30539
2.4631
0.17498
0.40859
0.40175
3.4099
1.1319
0.098659
0.44594
0.22056
1.1441
0.43774
1.9908
0.17439
1.7813
0.56972
2.9253
0.68236
0.24046
0.64042
1.1124
0.26191
2.0377
1.2977
1.2192
0.21285
2.5484
1.2996
2.1364
3.8494
1.5706
1.6926
2.2698
1.708
0.15654
1.2518
1.474
1.4268
2.1268
0.20742
2.9511
1.9715
0.26021
0.69136
2.271
1.0823
1.2706
0.76487
2.335
0.73841
0.73496
1.7179
2.3346
0.33319
2.0535
2.4925
0.85884
1.9304
2.3031
0.47814
1.3984
0.36976
3.5359
0.46583
0.99994
1.5184
2.673
1.6974
0.46024
1.902
0.60021
2.7694
3.697
6.5938
0.19867
1.1129
1.7564
3.1401
6.7746
5.2965
3.9832
1.9738
0.48133
1.8786
3.4031
0.70237
0.66524
3.5163
4.4043
0.33947
0.27966
0.55317
2.27
1.0539
0.37609
1.2722
2.7423
2.5137
2.0626
2.6057
1.0092
1.4119
1.5091
2.073
1.6388
0.23609
3.6656
2.0944
0.65395
1.2747
2.0485
2.2721
0.48095
1.5643
2.379
2.4021
0.16231
2.8984
1.652
1.3065
0.52625
3.756
1.0424
1.1384
1.6181
2.5205
1.4737
0.8301
3.6246
3.7244
4.0938
0.67729
3.8012
2.6278
1.547
2.6042
3.1434
1.7487
2.0464
0.12131
3.6174
1.7374
1.8123
0.92461
2.6356
1.6979
1.3039
1.8956
2.9107
0.72901
2.6466
2.4596
1.7732
1.659
0.81989
2.0634
2.0482
0.82572
3.0553
5.5969
3.6558
0.50095
1.6373
6.9227
2.9697
2.1427
0.22999
1.554
1.8717
0.50579
0.18687
1.7322
0.78289
1.4927
0.68054
2.0649
0.53812
1.8026
1.6567
1.1445
6.1693
6.8056
4.2198
1.4944
1.4132
2.5156
5.3291
1.5825
0.75323
1.353
1.7068
0.55114
1.7936
6.2163
1.4299
0.50223
1.8118
1.1869
1.4707
1.8845
1.158
0.59755
1.945
1.7584
0.24001
0.46468
2.189
1.4569
0.28498
1.3749
0.33282
1.7368
1.8515
1.4596
0.47143
1.2957
1.8327
0.73151
1.1405
0.19661
1.2893
2.3536
0.13917
0.55292
2.5895
1.612
0.81968
0.076006
0.59893
1.6467
1.8031
0.82514
1.8231
4.0755
2.4961
0.26673
0.48285
1.7334
3.5413
4.2519
1.3604
0.62655
1.438
0.1803
2.3547
0.54382
1.3772
0.4121
3.2136
0.65488
1.6719
1.2828
0.32603
1.1795
0.85573
0.64722
0.60797
1.8845
1.9383
0.55699
0.17481
0.32654
2.1175
2.1791
0.64925
0.45016
0.32287
0.59221
0.81386
3.3442
5.0941
3.862
3.6536
0.95499
0.2765
2.0446
0.31411
2.8011
1.527
0.18298
1.0107
2.5498
1.7644
0.33
1.4069
0.17603
1.656
1.8111
0.82413
0.27124
0.40972
2.7512
1.1958
1.4087
1.5611
0.24089
3.2092
1.6897
0.35952
0.36473
2.4207
2.6018
0.23732
0.43146
1.6565
2.3508
0.15284
1.7875
0.17012
3.0844
0.70527
0.30372
2.0066
2.0945
1.9866
0.18464
3.1035
4.0067
1.1437
2.5798
4.2015
2.4916
2.0342
0.32373
2.9505
2.0866
0.77492
1.2715
2.2447
2.4081
1.522
1.1225
1.3479
2.2991
2.1172
0.36982
0.63786
2.7404
0.52667
1.3264
1.0133
0.27867
1.9946
0.31077
0.58538
1.6282
0.54773
0.39991
1.5009
1.758
0.36835
0.76503
1.5948
0.64925
0.96756
3.0207
1.6287
0.82831
0.27811
0.55703
2.0229
2.645
0.39873
5.4039
6.7184
1.6179
0.35665
2.8858
1.0384
0.78006
2.9579
2.014
0.11275
0.38128
2.0144
1.926
0.259
2.3944
7.4437
4.1877
0.50516
1.0814
3.9638
0.69443
2.1816
1.2052
1.1956
1.6549
1.4217
0.19631
2.1651
3.1926
1.5723
0.35183
3.3076
1.0506
0.84356
1.0085
2.617
1.2111
1.0211
1.805
1.9204
1.5844
0.14313
3.7686
0.66231
1.6644
1.1455
2.5511
0.53762
1.8663
2.5457
2.3836
2.4629
2.9989
1.6639
1.4381
1.4757
3.1166
0.49953
1.711
2.0562
2.2667
2.8998
1.443
1.1071
3.1564
0.41097
2.9603
1.6201
1.5113
0.87296
3.0887
2.0127
2.0867
0.6191
1.6968
2.3787
0.29813
1.9522
0.083228
2.4423
1.2545
0.31519
1.3925
0.37086
2.8026
0.79503
0.34706
1.4388
2.104
2.5709
3.4491
1.3116
1.2407
0.57289
2.2887
0.15592
0.5078
1.6419
0.18102
2.6113
4.4409
5.7527
5.8811
6.131
1.4633
1.2293
2.0787
4.7133
0.75804
0.57758
2.7553
1.8379
1.57
0.44581
1.0602
0.9237
2.0011
0.59915
3.0382
0.26845
2.2245
2.1883
0.58036
0.12305
3.3448
0.37784
0.34461
1.9172
2.0672
0.47042
1.5801
0.447
3.6846
0.67778
0.39697
2.0249
3.5182
0.35259
1.891
0.5593
3.0687
0.24275
0.92558
2.6748
0.91266
1.5082
4.8829
6.1482
4.6343
1.5202
0.65142
2.2185
0.19248
2.7748
0.4733
2.2868
0.64985
2.282
0.11027
3.5193
0.29316
1.6722
1.0778
1.5037
2.9254
1.6942
0.26259
0.70926
4.0593
1.1125
1.7132
0.35922
1.5195
1.5778
0.55248
1.2877
0.51172
1.1667
1.8752
1.5701
0.56288
0.31714
2.9947
7.2728
1.0138
2.7468
0.63012
2.321
1.5674
0.36873
0.34614
1.8749
2.9061
7.67
2.2186
0.46492
0.21588
2.5475
1.6868
1.1515
0.22047
0.22286
1.0547
0.51585
0.69886
2.0286
1.0957
5.3662
3.3466
0.41487
0.26908
0.72953
3.0638
0.28118
0.03923
1.0378
0.054308
0.35045
0.077302
1.3224
0.033802
1.6448
0.045424
1.3179
0.065958
0.28459
0.059647
1.6026
0.026801
0.2784
0.08952
0.28599
1.3514
0.29248
0.046926
0.30402
0.086247
1.0728
0.079396
0.24015
0.092464
0.2901
1.755
2.8967
2.0772
0.25357
0.15805
0.19725
0.17125
1.1254
0.13596
0.16869
0.39428
0.11465
2.8097
0.030839
0.32804
0.091783
0.22968
0.13749
1.576
0.048209
0.28401
0.12105
0.14143
0.27201
1.1798
0.30577
0.068098
0.19946
0.1075
0.22794
0.10562
1.2056
0.13486
0.12422
0.2294
0.09475
1.6042
1.2564
2.7646
0.87367
3.3675
5.4389
4.2971
0.52928
0.28942
1.9432
0.3766
0.26511
1.1388
4.8257
5.7222
5.0385
5.0958
0.95956
2.2885
0.16543
0.44426
1.717
0.51732
0.22028
0.51181
0.23618
0.53484
1.6351
1.8684
0.071951
0.2976
0.044916
2.1987
0.60312
1.6624
0.12949
0.57496
2.0629
0.43337
0.21149
0.27417
0.82692
2.0776
0.091753
0.38695
0.14105
1.6174
1.2772
0.27347
0.21403
0.60298
2.1163
0.52196
0.37705
0.17344
1.8941
1.0855
0.6389
1.7051
1.5798
5.3884
3.3778
1.2844
4.505
1.1195
1.0862
1.5011
3.3312
1.4439
2.0442
2.277
2.0446
0.95755
0.99971
1.3566
2.9845
0.65645
1.52
1.5133
2.6761
0.11997
1.3111
2.6537
2.0719
1.2403
1.8295
1.707
2.7299
1.0196
0.98082
2.8019
0.69853
0.49918
0.80127
2.4074
0.75986
0.45897
0.36569
2.5589
1.5068
2.8312
1.0379
0.26087
0.63283
0.30474
1.6455
2.2333
5.1384
2.9291
2.5354
5.3114
5.1828
3.7067
2.2629
2.5837
0.88111
0.0652
1.3821
2.8901
1.0049
0.20679
2.2796
0.1746
1.7157
0.22609
2.2573
0.1156
1.512
1.1344
1.5749
3.1602
2.5176
1.3798
0.19713
2.0871
2.166
0.94887
1.9281
0.82355
2.1823
1.264
1.5739
2.4527
1.3576
1.1855
0.57646
3.473
0.21291
1.5674
3.7434
1.1764
0.21867
2.7205
2.0284
0.26391
2.5801
1.967
0.82698
1.0066
2.0836
2.2271
0.36474
2.1971
4.6469
1.2152
1.8299
2.2829
4.4374
1.7969
0.59765
1.8224
0.71423
2.7595
2.0153
1.0016
4.0596
2.0797
2.1278
0.58662
1.4002
0.16878
2.8558
1.1259
0.27203
1.3334
0.47758
1.6988
1.5853
0.24776
0.30958
2.2603
2.6914
2.4195
5.1971
6.2655
6.248
3.1959
2.3574
2.242
1.8612
1.3349
1.0193
0.89723
0.63721
2.7097
1.8677
1.4046
3.0109
0.34568
2.5399
1.1313
0.42353
0.1632
1.4429
1.9731
0.33011
0.23004
2.2223
1.4424
2.3091
0.11793
1.3871
0.20097
0.51225
3.0228
0.10756
1.0929
0.71533
0.547
2.1634
0.77274
0.47362
1.6929
0.68865
1.8906
0.57943
1.404
0.31534
0.52727
3.4456
0.073001
0.49166
1.1278
0.77952
1.7914
2.7633
0.18103
0.68225
2.2447
1.4556
0.33334
1.1723
0.29986
1.0337
3.7738
3.9239
4.2891
0.70709
2.6776
2.0481
2.4307
2.1049
1.3092
0.37502
1.6089
0.53991
1.6371
1.9346
1.7226
0.52088
1.3751
0.90412
0.97588
3.0359
0.77075
1.3443
1.6957
0.25429
0.72327
1.7557
0.39905
1.0471
1.5728
0.39707
0.17154
0.51884
0.26529
2.1116
1.2128
0.25434
0.49811
1.8216
2.8511
0.14508
0.44127
1.1791
0.44133
0.30041
1.4762
1.9479
6.4964
5.1623
3.6517
0.90978
1.6644
1.9024
0.62331
0.91431
0.13072
0.45782
2.42
2.5909
0.36095
0.26395
1.3467
1.7383
0.95968
1.0249
1.3505
0.1372
2.1499
0.42657
1.4087
0.049994
1.2239
2.2648
0.30961
2.4209
0.50597
1.5923
2.1483
0.13711
0.34095
2.466
1.2357
0.35219
1.221
0.91203
3.3171
0.079379
0.40438
2.3286
2.01
0.29131
1.6781
0.25367
2.0928
1.0364
5.9483
1.4946
1.0405
2.3857
2.1722
0.49258
2.255
0.57262
1.0926
1.121
1.982
0.34064
1.4001
0.4224
1.867
0.415
1.4598
2.892
0.75314
0.43109
0.44759
0.36668
1.1548
0.12143
0.70643
0.94303
0.21328
1.6567
1.0191
0.38699
1.8966
0.98793
0.2919
0.54654
0.51188
0.53969
1.8332
3.5775
1.8733
1.1428
4.0554
5.1117
2.5809
1.1478
1.9056
0.28731
0.64943
0.31697
0.6796
2.6047
0.47801
0.54617
0.96003
2.3376
0.22325
0.32619
0.3634
4.9455
5.6222
2.5068
1.3813
1.9874
0.32175
0.81758
3.973
1.1658
0.99581
1.5051
1.3235
1.3304
1.1822
0.40155
2.401
2.4998
0.19312
1.4136
1.5437
1.9399
0.11704
2.3018
2.3236
0.93095
0.62985
1.7251
1.63
1.3824
0.68201
1.2259
3.1178
0.55917
1.733
0.042096
3.2952
2.6644
5.0874
1.9005
5.2439
3.9313
1.6361
0.72182
1.5208
0.9602
1.3091
0.83918
2.7462
1.0354
1.435
0.2978
1.8951
0.029041
1.6538
0.12989
2.2015
0.25428
0.64682
1.056
1.0247
0.38951
0.16018
1.2563
0.35817
1.008
0.86472
0.17897
1.1904
0.38602
1.76
1.4617
0.27928
0.018563
1.3211
0.2472
0.1932
1.9537
0.32419
0.33957
2.9759
0.62786
0.40037
0.46927
0.32792
1.3157
2.5835
0.2578
0.31828
2.6523
0.84329
6.1418
5.8354
5.0325
3.6125
2.1164
0.63253
2.0529
1.9979
0.9367
0.17302
0.51205
1.2886
1.0712
0.1671
1.6633
1.3946
1.9458
0.34148
0.051048
3.1822
2.4392
0.80564
0.25124
1.4509
0.95234
2.1762
3.4824
2.0862
2.2
2.034
2.0308
2.2285
1.3278
0.064146
1.3208
0.061466
0.31877
1.1057
0.27218
1.2163
4.3129
0.2376
0.21282
0.23483
5.4833
5.8252
2.4234
4.9546
1.2498
0.42228
1.0974
0.19611
1.4429
1.6959
2.541
0.87448
0.28643
0.65065
1.1744
0.75
1.1822
0.46367
1.4363
0.11863
2.8267
0.25954
0.25047
0.50172
1.3214
1.6406
1.1464
1.8847
0.032879
0.44435
0.42751
0.28469
0.13689
0.83288
1.7661
0.11994
0.46704
0.51121
0.30121
3.0493
2.1651
1.2745
2.3604
4.2675
0.84266
0.16759
0.31611
0.29002
0.84018
2.239
0.23654
3.289
6.1164
5.801
2.3226
0.98316
1.1685
0.44116
0.93364
0.35599
0.16257
0.35101
0.18598
1.8836
3.5366
0.51151
0.33984
0.11378
1.2336
1.1292
1.7757
0.08496
1.2897
0.21734
0.42099
3.0846
0.13152
0.33607
1.7486
0.44543
2.1074
0.15594
1.0288
0.47843
0.3811
3.0617
0.12837
0.42544
1.6643
1.1796
1.9914
0.53974
1.0591
1.8175
4.5632
2.8053
1.8812
1.0355
0.60073
2.5368
2.2399
0.30444
1.753
1.5275
0.44062
1.8522
0.95481
2.7544
3.0179
0.95855
0.15077
0.43057
0.84869
2.0967
0.056519
0.29504
0.28964
1.0376
0.51571
0.065692
3.1701
0.45212
0.11253
0.43048
0.21031
0.11348
0.42915
0.31186
1.7097
0.084521
0.41549
0.14415
0.17909
0.41467
0.27564
1.1067
1.5982
0.77275
5.9544
1.5635
1.1756
1.3535
1.161
0.38053
0.24511
0.38249
0.46415
4.5174
2.6874
0.44619
0.098108
0.2454
0.32216
1.4836
0.45965
0.13977
4.414
0.31326
0.13291
0.19528
0.27728
0.085498
0.39403
0.28057
0.065289
1.7395
0.063721
0.25956
0.31302
0.063592
0.35311
0.17158
0.18767
0.2787
0.09731
0.4501
0.020287
0.34777
0.23448
0.14795
0.40263
0.063617
0.35024
0.21631
0.20486
0.39566
1.3511
0.35749
0.30284
0.24094
0.41183
0.31387
0.16709
3.0661
4.5002
0.46335
0.21462
0.40458
1.6611
0.70613
0.15513
0.46051
0.50051
0.48367
0.37657
0.16686
0.47818
0.42803
0.1815
0.47101
0.47974
0.26167
0.25306
1.5864
0.64647
0.091278
0.46018
0.49591
0.25204
0.19785
1.0517
0.20839
0.076663
0.36941
0.59249
1.1347
0.34934
0.12306
0.19938
0.42277
0.26481
1.5898
0.54213
0.39748
0.12286
0.44279
0.55035
0.17378
0.39871
0.54961
0.51164
0.33666
0.29637
0.39784
0.17304
1.8756
0.46181
0.09558
1.7951
0.8593
0.084491
0.44756
0.33595
0.088683
0.56951
0.48763
0.10521
0.48814
0.2603
0.21041
0.48086
2.307
1.0416
1.0124
0.31716
1.411
0.097269
1.2123
0.30349
1.376
1.3411
0.048916
1.4098
0.14419
1.4033
0.26024
0.31091
1.4553
0.45518
1.8257
0.061488
2.5249
0.16166
0.6081
1.4038
0.03306
1.0441
1.4842
0.031414
1.1424
0.76494
2.35
5.5166
4.12
1.1094
1.8533
0.43696
0.26981
2.0362
1.0948
0.26141
0.47889
0.19729
0.44652
2.8962
5.1245
4.9775
5.191
2.2493
3.9725
3.797
0.46992
0.40886
1.4874
3.4408
0.6482
0.14057
0.46022
0.22934
1.9702
2.0204
1.4476
0.59872
0.49434
0.51753
0.57025
1.7317
0.51877
1.6995
1.0783
0.51937
0.47364
0.52169
0.5134
1.7997
0.94158
0.49471
0.51066
1.6547
1.345
1.4335
1.8353
0.75379
1.0359
0.56022
1.6974
2.6221
2.9136
0.26104
2.0332
1.9852
1.0683
3.1079
0.63052
1.5106
2.2052
0.32218
1.0366
0.90538
2.8129
1.3148
0.077279
1.7035
1.0738
2.065
1.3092
0.45095
0.57829
2.8399
0.58332
1.3971
0.19212
3.3252
0.51423
0.67421
3.0432
2.1373
0.67847
0.19971
1.5739
2.0793
1.9495
0.13246
1.373
2.2655
0.87066
1.4736
0.11233
6.9705
6.3395
5.5376
6.5114
3.0632
3.3122
1.3542
1.7706
6.321
5.0336
4.2981
3.2696
1.4918
1.0514
2.0372
2.5998
1.5842
2.909
0.60211
3.1213
3.0841
1.9692
2.479
1.2294
1.5744
1.4391
0.37549
1.7622
1.3207
1.7229
1.9063
1.7357
0.59249
1.2706
4.4356
8.0068
2.5255
2.1928
6.4172
4.1967
3.3867
1.4043
2.9148
4.6692
0.9016
1.0783
0.36574
0.71802
1.0103
0.47076
2.4728
2.3661
0.52558
1.1944
0.44469
0.96456
1.6415
1.3771
1.4374
0.2668
0.44181
2.1688
1.8063
1.3463
2.0428
2.3764
1.1397
0.48139
2.909
1.3992
1.0652
0.65484
2.8666
1.4066
0.80288
1.9758
1.8374
1.0611
1.5569
0.56884
3.5227
0.26944
2.2316
0.96056
3.1727
0.77518
0.67987
2.9919
1.5732
1.6631
0.55772
4.6353
3.7435
2.3519
4.4161
5.1401
0.77811
0.44709
2.0251
1.1943
2.7391
0.11224
2.9872
0.4443
3.6176
2.5662
0.18644
0.66993
1.2485
1.7585
2.1205
0.1871
1.5246
0.44109
2.4499
1.2191
0.95954
1.2968
0.098857
2.0034
2.2919
0.033198
0.44135
2.6191
0.076367
1.7954
2.3309
0.11026
1.0794
1.4527
0.8825
1.3828
0.96553
1.0216
0.18763
0.72509
5.0134
2.5385
0.35817
0.51883
1.6799
6.0245
4.9013
2.5056
2.4586
0.26586
1.3453
0.13044
2.3927
2.1011
0.79374
1.4277
1.051
2.2593
1.2191
3.1143
5.2818
7.4262
0.65414
0.65115
4.0647
1.416
0.44521
1.5227
1.1634
1.8005
1.4716
0.3328
3.6185
1.7654
0.20401
1.4755
1.5121
2.6096
0.1121
1.82
1.7444
1.3961
1.5828
0.3854
2.8733
1.3644
0.42784
1.38
1.9759
2.3789
1.4085
1.5001
2.2136
2.1944
3.891
0.61804
1.6876
1.9711
1.4111
1.6655
0.44366
1.6199
0.8128
1.3988
1.9584
4.3261
2.7792
2.8527
2.1698
0.99087
0.44714
0.412
1.4358
0.44554
1.6381
0.61654
0.35477
1.4113
1.6575
2.5262
0.10816
1.5666
0.44734
2.0998
0.43673
1.2054
0.99064
0.67639
1.3575
0.36298
5.1071
0.8052
4.1145
1.6967
1.4375
0.53422
0.42648
1.7775
0.77515
0.85015
2.1467
5.2657
7.2634
4.6664
7.5697
3.7013
0.21148
2.8696
1.7712
2.1431
2.2331
0.17961
1.153
1.6855
0.19121
1.2668
0.46334
2.0581
0.10646
1.5494
0.024553
0.54628
3.0426
0.36234
0.18304
0.92957
0.97156
1.4791
2.1343
0.49443
0.38683
3.3619
1.3809
0.17236
0.658
0.73002
1.2834
1.4422
1.2683
0.12556
1.1212
2.6587
0.14909
0.53166
0.95839
2.135
1.198
0.30266
0.16884
2.5183
0.9845
2.4883
0.77104
2.1265
0.83482
1.2094
5.0067
3.0495
0.38869
1.1725
2.738
1.7697
1.5075
1.271
2.054
3.3643
1.2425
0.68749
2.1612
4.0593
5.1063
3.8025
2.3385
1.4472
1.5657
0.23426
0.29386
3.0686
1.6104
1.7646
1.8279
2.3351
0.68791
2.1004
2.9466
1.7213
2.2153
1.3357
2.8434
4.2857
3.091
1.4687
1.8064
0.37428
5.999
6.436
1.7279
1.6491
1.0747
5.4696
5.7319
5.8275
4.9523
4.4088
0.74381
1.5956
1.2646
4.0343
1.1095
0.21968
0.86478
1.0318
0.24907
1.5663
0.12982
0.26124
0.12479
1.1807
1.8285
0.43269
1.1732
0.37598
0.038134
1.3481
0.34607
1.7072
1.5127
0.63302
1.2147
1.5345
0.070012
2.1168
1.3627
0.66862
0.16647
0.54096
1.5864
1.1935
1.1376
0.46678
0.2076
2.0276
1.5374
0.12522
1.602
3.3179
1.0955
4.454
0.79048
3.2255
4.2371
7.0026
1.8777
1.0044
2.3282
2.8725
1.0104
3.1535
1.5566
0.45446
1.5198
0.60924
2.81
0.87701
1.5951
0.43771
2.0176
1.914
1.5151
0.45595
1.7169
1.5644
2.3038
0.40586
1.6957
0.20453
3.58
0.198
2.8251
0.77323
0.41023
3.1822
2.1383
0.47839
2.4525
1.3847
2.0237
2.1237
1.0202
0.49989
0.35671
3.6992
2.299
4.0003
6.876
4.789
2.9193
1.8724
1.7368
1.1897
1.2198
0.21399
1.8585
2.4911
0.3111
0.87395
0.71637
2.4395
1.0052
0.71849
1.1791
0.2331
1.4112
0.35774
0.56273
1.3047
4.6563
3.6679
0.37853
1.0535
0.21341
0.27071
1.3766
0.289
3.1089
0.72792
1.1568
0.23679
0.51881
0.92639
0.20201
3.1094
0.46812
0.34858
1.0278
1.1831
0.18192
1.0011
2.6491
0.15508
3.1979
3.4128
3.141
0.32199
1.0113
2.9258
1.5598
0.38224
1.5034
2.0726
1.9389
3.0414
2.1887
0.51468
2.7948
1.4359
0.86623
1.4587
4.6933
1.0675
1.2387
2.4327
2.0856
1.1355
1.8579
4.1624
1.3975
1.8154
1.8024
2.3641
1.0051
0.91534
2.9253
2.6222
0.39543
1.6262
2.2941
2.2371
2.836
2.7505
3.1452
1.5708
4.2361
2.9139
0.3554
0.67182
1.7457
5.2194
3.6352
1.2036
5.2909
5.1777
7.2688
6.5468
0.69717
1.3652
2.5432
2.8829
0.44272
0.32127
0.90797
0.75067
0.15617
3.2029
6.9291
2.592
0.42755
1.2773
2.982
3.0164
0.17228
0.58229
2.0875
0.15951
1.8424
3.2482
2.0751
2.3602
1.2673
0.82665
0.076482
1.5714
0.13689
1.4256
0.30715
2.995
2.2178
0.18739
0.42351
2.6511
2.1693
2.0507
1.6215
0.86069
0.48495
2.0496
0.090222
2.301
1.2764
0.54568
3.1796
0.11371
2.2536
3.6123
4.0251
2.364
2.3358
3.2969
0.16377
3.3896
3.0095
0.40245
0.30297
2.002
1.481
0.15879
2.2976
1.1641
2.1003
2.2385
1.7236
0.4512
1.077
1.1368
1.5078
1.2686
0.38718
1.0876
5.1351
0.51848
0.27194
4.8111
2.1857
0.24955
1.6913
1.4954
3.1072
0.22746
2.9526
0.71214
2.2021
1.9085
0.5604
3.1617
2.1606
2.2827
0.26162
2.9023
1.634
1.711
1.3896
0.43489
3.2096
0.84378
0.93019
1.0431
1.9702
2.4536
0.28689
0.61531
3.7846
3.5152
0.62141
0.81604
3.4417
0.69987
1.0212
0.51034
4.0534
1.2352
0.31359
1.3172
2.311
1.7654
0.25491
2.2842
2.1188
1.4153
0.38502
2.5472
3.0073
0.12388
1.2581
2.5053
0.84754
1.3167
1.6465
2.7159
0.74884
2.7108
1.5566
3.6386
0.11105
1.3729
2.2153
0.93902
1.4684
0.49496
7.5888
5.7303
1.5231
1.9404
4.4788
0.63455
4.6348
1.8907
3.5082
0.65119
2.7788
3.5541
1.3557
2.0659
2.3621
6.2646
6.3767
2.6667
0.83955
2.9102
4.2442
0.34656
0.6308
0.32952
0.41292
0.52866
0.15116
0.46136
3.1539
4.547
1.6068
5.035
2.4733
3.666
6.995
1.5614
1.5353
0.54406
3.5497
5.4973
3.5949
0.26592
0.45787
4.388
3.3758
0.3725
0.69538
4.0792
1.6676
0.41791
0.37641
3.8879
7.0644
4.6892
1.5038
1.1093
2.9776
2.0175
0.35071
3.1743
1.1681
2.7957
0.73024
0.37958
1.3161
1.7042
3.2259
1.6356
0.43302
2.601
2.0336
0.10489
2.8934
0.13432
1.6221
3.1174
0.07762
1.765
0.5204
3.4156
1.0573
0.20666
2.1908
1.8525
2.0116
0.18009
1.7929
2.0664
3.2989
0.49394
1.4912
3.9297
3.2211
0.9763
2.5248
2.3871
1.8917
1.8657
1.9664
0.078197
3.1016
2.0368
0.82395
0.24991
2.5767
1.5538
1.3154
1.0118
1.5494
2.5289
2.2018
1.569
3.0309
2.0656
1.982
4.1457
2.2252
1.9493
2.0291
2.6254
1.9529
1.9351
2.1496
2.4915
1.9258
1.9347
1.1596
1.5983
1.8394
1.3945
0.24241
0.43203
0.47169
3.1146
0.37767
0.89217
0.40739
0.49477
4.5369
7.1918
3.474
0.34158
4.2417
0.98976
1.0719
0.17694
2.2541
0.9312
0.4319
1.3863
3.5779
1.9511
0.5088
0.30651
1.8074
4.8757
1.9136
0.1889
0.31417
3.2532
0.98378
1.784
1.1591
2.4741
0.25938
1.8107
0.91716
2.8813
0.08596
1.357
2.9125
1.3188
1.3055
0.50924
2.7873
1.6268
1.9587
1.5493
2.3425
1.8503
0.20206
4.253
1.7307
0.18564
2.328
1.9855
0.63418
4.9235
5.1189
1.6896
2.9212
0.46247
2.7125
1.4096
0.47367
1.3423
1.8228
0.45264
1.9395
0.99825
1.0817
3.2582
0.48018
1.3703
1.946
0.87172
1.7163
0.5885
2.6078
2.8643
1.1892
0.10572
1.8091
1.2021
0.57622
2.1859
0.49974
1.4724
0.67722
1.4288
0.44222
2.0421
0.75946
3.0511
3.0349
2.1673
2.0039
2.9409
0.87645
2.5496
2.6429
0.60673
0.62655
1.4425
3.0734
1.8575
3.4104
5.13
5.0269
8.0901
7.075
6.2639
3.3657
4.7376
2.1596
1.7138
2.2387
2.3406
2.3281
2.0222
1.3499
1.2351
3.1108
0.19593
1.8549
2.1297
2.857
0.10417
4.0633
2.8029
0.26126
2.0006
2.085
3.0619
0.36633
1.846
2.2913
1.9694
0.4288
3.2552
2.0105
1.8503
0.28387
4.0754
2.1369
1.6667
0.61835
4.6412
2.0381
3.3223
0.29206
1.4144
4.8069
4.9163
2.82
2.6376
2.0069
2.4063
1.2088
2.6316
1.2176
1.9717
0.80088
1.6363
2.0161
0.84148
1.5874
2.3351
1.0349
3.2606
0.94988
1.6663
2.6823
1.4354
2.1857
1.2394
1.073
2.0321
0.89315
2.4426
0.45732
1.7022
1.7751
1.7958
0.95519
1.9933
0.94634
1.189
2.2053
4.3015
3.0281
3.0244
2.4769
2.5054
2.9339
1.5232
1.4083
1.4397
2.3841
2.2013
2.9927
5.8316
6.6678
3.3444
2.4302
1.9497
1.5413
0.21647
1.5082
2.0506
0.80801
5.6051
5.0861
5.1091
3.6301
3.0231
0.9441
1.571
1.7722
1.5481
1.1342
1.6822
1.3707
2.4252
0.2622
2.0124
0.21775
1.1118
2.6435
0.071211
1.1397
0.67845
1.7714
3.1972
0.20848
1.4696
0.045582
3.1318
1.7408
0.19284
0.40304
1.1774
2.2446
1.0037
1.1541
0.40321
2.0356
1.7408
0.069157
2.027
5.9656
3.5838
1.0004
1.6167
0.41524
1.6567
2.0099
1.4734
1.3505
2.2848
0.21144
1.5649
0.44091
1.5798
0.92901
1.1511
1.6192
0.39971
1.5302
1.0391
3.1313
0.44048
1.6936
0.54746
1.6806
0.70889
1.8516
0.61246
3.0626
0.78939
0.42813
1.5811
0.79245
1.3569
1.3357
0.92858
4.4421
2.7885
2.6325
1.5988
0.83273
4.056
2.341
1.6173
0.41291
1.2349
0.37726
2.1127
6.8953
6.939
2.4542
0.14684
4.262
2.5397
0.67909
1.8017
0.48191
2.5398
0.11917
0.37889
1.7381
0.16212
2.2221
0.40161
0.22305
1.1108
0.065671
0.34336
2.407
1.001
1.3553
0.80914
0.26265
0.14488
1.3595
0.29445
1.2642
2.6652
0.037191
0.05892
1.3061
0.1552
0.29901
1.0449
1.3388
0.94092
1.006
0.29585
0.47004
1.0515
0.39956
3.0907
0.23526
3.0972
6.2176
1.7067
6.2954
4.3754
0.060576
1.4352
1.6387
1.867
0.21501
1.2926
0.97308
0.30918
1.5432
0.98761
2.4214
2.1169
0.34245
1.8488
0.99094
1.9053
0.4221
1.6368
2.1888
0.65892
1.8559
0.29253
1.5819
1.805
1.0199
2.3492
1.8923
1.4251
1.4832
1.8429
0.62464
1.9064
1.1991
2.1164
0.96881
1.7364
0.95416
2.7064
5.3117
2.4352
0.49276
1.506
0.37154
1.3653
4.7664
5.173
7.7326
3.9274
2.6098
5.9111
6.2691
3.8038
1.7774
3.4358
1.0807
0.16729
1.9073
2.6353
2.3056
0.27846
1.412
1.3948
2.6464
0.2175
1.4607
1.0792
3.09
1.9098
1.0525
0.8924
3.3394
0.97343
0.80441
1.9501
2.0915
1.8001
0.092126
2.3173
1.7798
1.3958
0.42026
2.8789
1.3525
1.6229
0.73863
3.1501
0.93139
2.5245
2.1084
2.2609
1.4515
0.41178
2.4662
1.7118
1.2771
2.7609
4.2781
1.6937
4.9465
3.0179
3.1629
5.4262
2.6951
2.0047
0.91655
1.67
0.35368
1.6356
0.29558
7.6971
0.34226
4.1931
6.1654
4.7762
2.2431
1.9722
0.23608
2.2358
1.0768
0.27405
1.1871
0.92822
0.17921
1.5054
0.23517
1.4413
5.0116
2.8058
3.2186
5.8499
5.0221
4.9292
1.3446
4.1091
3.092
5.6769
5.4177
6.4878
5.9384
4.1137
6.3203
6.8189
3.4287
0.49553
4.538
2.8413
4.3799
1.1357
1.1756
0.40835
3.0908
1.5967
1.5115
0.16376
0.75235
0.85575
0.70023
0.88321
0.65994
1.7423
2.0562
1.4839
0.10499
2.8025
0.36066
1.3636
1.2295
3.4116
0.15313
0.8722
0.96836
0.95866
0.8324
2.1972
2.0319
0.71734
1.6874
0.058474
1.6822
0.17552
3.8315
0.26121
1.6405
0.43871
1.6174
0.50153
3.2363
0.064761
1.6949
1.4553
2.0554
2.9099
5.1316
4.264
1.1796
3.4464
1.056
4.321
0.95114
4.8726
1.3199
1.2245
4.071
0.92553
2.2267
0.45407
2.7338
0.46456
3.9918
2.4551
1.5303
2.1732
0.76088
2.1795
1.7906
3.8488
0.29922
1.9835
0.93209
2.2071
2.0589
3.5649
0.83444
1.4432
0.57961
0.37195
6.1489
6.2797
5.1034
1.4665
3.842
3.0873
2.5628
3.8423
2.7381
1.4326
0.37594
3.1606
8.0628
6.6999
6.0173
1.8694
3.1324
0.75755
4.4822
0.36829
0.29754
1.7168
0.44499
0.51385
3.5846
1.6948
0.2267
0.43589
2.1461
1.7687
0.34311
1.4542
0.40515
1.9621
4.6568
0.17097
0.37062
1.5903
0.44586
1.6928
2.1584
0.28811
1.939
0.11982
3.7349
3.1451
0.17515
1.8692
0.43882
3.6876
0.19792
1.7433
0.16689
3.0563
2.5936
1.5076
0.11936
2.818
2.1069
3.0105
0.91115
3.5721
0.51093
2.5315
2.1349
3.3144
0.19763
1.9486
3.2216
1.3104
1.3607
3.4155
1.9548
2.7317
3.6485
1.2353
1.8413
3.0962
2.8282
3.0443
2.4141
4.7483
0.97154
2.7401
3.1864
1.3271
1.5491
1.4755
3.7705
1.9904
2.3515
2.5054
3.6032
1.9922
1.1377
2.3638
3.9106
1.5502
1.2954
4.3934
4.2405
4.3127
4.8112
1.9365
2.2645
0.79517
2.0068
8.8617
5.5261
6.0428
4.0125
3.8997
0.50474
3.2278
2.5636
1.6543
0.65297
3.6339
0.34784
1.8345
2.2623
2.9345
0.21834
1.9186
2.3245
5.2744
0.9225
1.6748
2.0877
3.0826
1.225
1.0581
3.7237
1.5954
2.3957
1.0654
3.827
0.73798
1.7516
3.2152
3.091
2.6126
3.2006
0.97625
1.4145
2.2433
4.6958
0.34393
1.394
4.9846
1.0481
2.0795
1.5392
4.4914
0.77152
4.1586
6.8231
2.9295
3.2482
2.1317
1.3896
3.8243
2.1672
2.1924
2.521
2.3544
1.5828
2.8281
1.5006
3.9831
1.1648
2.8565
0.24748
2.555
1.2623
4.0934
0.96075
3.6372
1.0353
1.4351
1.9879
1.8822
2.4669
1.8113
0.51862
2.1027
1.358
3.0575
3.1549
3.2326
0.12345
0.49272
2.7698
1.0537
4.464
0.21801
0.79526
1.6425
2.2463
1.6062
1.2278
1.0048
3.9964
3.162
0.49187
0.75298
5.294
1.8787
5.3963
2.8914
2.0974
1.8931
0.37497
2.4
3.9554
3.4796
6.8778
1.9004
3.4803
6.2298
6.3076
6.9665
3.1563
4.1145
0.27296
1.9907
2.0779
1.68
1.633
4.4856
1.8485
0.98972
1.6594
2.2967
2.033
1.6107
1.4755
3.4042
2.0311
4.1856
3.0984
2.3715
2.0443
0.95459
2.1616
2.167
1.9697
1.5082
1.1238
2.9979
2.0298
3.961
5.5997
1.536
2.3331
2.3435
3.9714
2.4472
3.1615
0.34522
2.3266
3.7002
3.4858
0.16421
2.9713
2.0206
2.9432
0.61986
2.3083
3.1195
2.0485
1.0662
1.14
1.9793
2.1749
2.625
3.1394
2.488
0.30424
2.4247
0.76056
0.42936
1.2305
4.4701
2.3496
0.17676
0.49226
1.8245
1.1295
0.21553
0.97757
2.1144
0.9074
0.26193
1.5267
3.6427
0.9328
0.53313
1.1471
4.5683
1.641
1.2927
5.3993
7.4376
7.5843
2.6725
2.7609
3.8623
1.3428
2.6832
0.85272
3.5539
1.015
1.5359
0.75403
3.7118
0.26442
1.6852
1.4207
4.7344
0.1519
2.5987
1.4478
2.3014
1.3859
0.42444
3.8692
2.4263
1.8422
3.5891
4.5805
1.9616
1.9311
2.2268
1.9997
2.146
2.6268
1.879
1.9678
3.0173
2.0158
3.3045
1.6112
1.3106
1.4016
0.05721
0.31683
1.7884
0.28957
0.060678
2.3131
1.6472
6.7521
6.9292
0.48472
2.6128
0.95975
2.1041
0.30255
2.591
0.54196
3.691
2.7474
1.4414
3.1233
1.0618
4.2396
0.45386
1.8173
3.418
3.4426
2.635
0.95529
0.52214
1.3029
1.2459
3.4028
4.6685
0.96669
0.72247
2.6347
1.9632
1.9776
0.47543
2.7538
7.9125
4.9812
1.9044
3.1985
1.241
0.33462
1.9482
0.40485
0.57588
0.36841
1.8774
0.4134
0.56743
0.61423
0.41584
2.6485
1.0209
1.6058
1.9312
1.8319
1.9065
0.35402
1.4659
0.72213
1.9497
2.1036
0.68926
0.44345
1.233
1.7592
0.45539
2.887
1.4042
0.31176
1.4741
0.11879
1.6073
0.45186
2.0811
1.7433
0.39449
1.6143
0.12325
1.5879
0.45374
3.3869
0.24131
1.4908
0.48784
1.4265
0.50742
3.1451
0.7499
0.21242
2.1895
0.41453
0.55521
3.1489
0.95488
3.007
6.9939
6.209
3.1153
6.0012
0.62246
0.38311
1.9235
1.6729
0.36123
2.8426
2.007
2.0295
0.63724
1.6092
2.5599
3.5275
0.98887
2.6497
0.56473
1.064
0.89378
1.8481
0.5055
0.16609
6.0138
5.0944
0.68059
0.11468
2.2268
0.61223
0.50723
0.23932
0.28461
0.51077
0.39325
0.22894
0.51125
0.48721
1.0151
0.95548
0.48938
0.48696
0.51316
0.49113
0.48438
0.50961
0.49303
1.3665
5.0475
5.5713
7.7416
6.9107
6.4681
1.1454
2.1242
1.2685
0.27201
3.3207
0.66233
0.47765
0.96701
0.42991
0.15931
1.7647
0.38322
1.2573
0.10948
1.6035
1.7428
0.40319
0.099586
0.35848
1.138
0.20567
0.44826
2.9544
0.36643
0.061167
1.4228
0.071029
0.37761
1.3964
0.32096
0.18968
2.4107
1.07
0.23692
0.20657
1.1753
0.1536
0.69217
0.77731
1.9627
1.7961
1.2922
0.091567
0.36635
1.2454
0.41994
2.1206
3.4157
4.7672
3.4155
2.5024
0.5481
2.575
1.8645
3.5368
0.35818
1.5835
3.0717
5.7565
4.2927
4.1242
3.9153
2.2116
0.44244
3.4704
1.4655
0.68152
0.748
0.1417
0.50723
4.0275
3.0587
0.46033
0.4549
0.50691
2.9987
0.94826
0.51595
2.0233
1.7589
0.54201
3.5493
0.65762
1.7185
0.34813
1.9967
1.7349
1.8912
1.4479
1.8161
0.36899
1.224
4.4075
0.56328
2.0133
1.5177
1.0345
2.9129
1.0172
0.94649
0.72256
0.41669
3.4954
0.20726
1.2538
0.36699
3.0329
0.87659
2.0727
1.089
1.157
2.8211
0.25485
1.6033
0.17844
3.7411
0.30742
1.5996
0.46227
3.5619
0.50738
1.6333
0.91503
2.8199
1.02
0.70277
2.5262
1.4594
2.0128
0.40138
3.8192
0.41584
1.6221
1.5433
3.223
1.8365
1.707
1.4539
3.2256
3.7266
1.0342
1.426
2.2077
2.4636
2.3627
2.0125
0.58185
2.6537
5.154
5.2908
1.7478
1.0979
2.3898
1.7045
3.3788
2.477
1.1753
5.7775
6.1958
1.2092
3.1723
0.97015
0.40907
3.3668
0.44634
1.4806
2.0401
6.6797
7.0689
3.9319
4.6484
2.3337
3.5152
1.2393
2.3543
3.9778
3.0126
0.57753
6.3645
7.0665
4.8763
3.9841
0.82439
1.9275
2.1587
3.725
6.4366
2.9761
3.0103
3.2663
1.6426
1.6264
0.64685
3.1858
2.5522
1.4124
1.2499
0.44368
3.6198
0.90009
1.5116
0.53472
3.7985
2.8709
3.1295
1.9424
0.47981
2.1374
2.3825
0.12737
2.0852
1.7787
2.5451
1.9923
1.3061
3.8191
0.44749
1.7468
1.7594
3.558
0.24117
1.6978
2.8588
1.4899
2.0002
2.7395
2.1499
2.0143
0.12371
3.0583
1.9801
1.3408
1.0873
5.6007
6.9159
5.2114
1.6057
4.0334
3.2223
1.1764
3.7151
3.0331
1.8768
2.5569
2.3967
3.2437
2.553
1.1602
3.4424
3.5556
3.0674
5.0603
3.1005
2.2427
2.7527
0.9494
3.1183
4.2365
1.946
1.9289
1.1804
4.0304
1.1934
1.7314
2.2049
2.2311
1.667
1.8203
0.54029
4.2774
4.1973
2.5445
5.1374
3.0146
1.7735
2.9587
2.2281
1.2551
0.50947
3.6941
1.8417
4.2897
7.5429
9.7158
4.9331
4.4981
3.7549
2.4348
0.16089
2.2407
0.37155
2.7175
1.8485
2.9136
1.7675
1.2532
3.3086
2.4116
1.7472
